"DESCRIPTION","DURATION IN MS","NAME","PARENT SUITE","START TIME","STATUS","STOP TIME","SUB SUITE","SUITE","TEST CLASS","TEST METHOD"
"Test cases for TestResources_GetFlags","0","TestResources_GetFlags","","Wed May 13 19:20:56 UTC 2026","passed","Wed May 13 19:20:56 UTC 2026","","Go Test","github.com/specterops/bloodhound/cmd/api/src/api/v2/TestResources_GetFlags","TestResources_GetFlags"
"Test cases for TestResources_UpdateAssetGroup","0","TestResources_UpdateAssetGroup","","Wed May 13 19:20:56 UTC 2026","passed","Wed May 13 19:20:56 UTC 2026","","Go Test","github.com/specterops/bloodhound/cmd/api/src/api/v2/TestResources_UpdateAssetGroup","TestResources_UpdateAssetGroup"
"","852","should call onSave when save button is clicked","SaveQueryDialog","Wed May 13 19:21:48 UTC 2026","passed","Wed May 13 19:21:49 UTC 2026","","","",""
"","1","filters by azure platform","filterAndSearchEnvironments","Wed May 13 19:22:00 UTC 2026","passed","Wed May 13 19:22:00 UTC 2026","","platform filters","",""
"Test cases for TestNormalizeToUTF8_LargeInput","0","TestNormalizeToUTF8_LargeInput","","Wed May 13 19:21:12 UTC 2026","passed","Wed May 13 19:21:12 UTC 2026","","Go Test","github.com/specterops/bloodhound/packages/go/bomenc/TestNormalizeToUTF8_LargeInput","TestNormalizeToUTF8_LargeInput"
"","116","passes check if the user has a required permission","usePermissions","Wed May 13 19:23:35 UTC 2026","passed","Wed May 13 19:23:36 UTC 2026","","","",""
"","4","uses the default filename generator when exporting JSON","exportGraphData","Wed May 13 19:25:57 UTC 2026","passed","Wed May 13 19:25:57 UTC 2026","","","",""
"Test cases for TestMatches_FailureAction","0","TestMatches_FailureAction","","Wed May 13 19:20:59 UTC 2026","passed","Wed May 13 19:20:59 UTC 2026","","Go Test","github.com/specterops/bloodhound/cmd/api/src/model/TestMatches_FailureAction","TestMatches_FailureAction"
"","563","adds node to asset group tag with confirmation","AssetGroupMenuItem","Wed May 13 19:23:26 UTC 2026","passed","Wed May 13 19:23:26 UTC 2026","","","",""
"Test cases for TestResources_ListADGroupMembers","0","TestResources_ListADGroupMembers","","Wed May 13 19:20:56 UTC 2026","passed","Wed May 13 19:20:56 UTC 2026","","Go Test","github.com/specterops/bloodhound/cmd/api/src/api/v2/TestResources_ListADGroupMembers","TestResources_ListADGroupMembers"
"","0","returns paramValue as EnvironmentAggregation for unknown values (custom types)","useEnvironmentParams","Wed May 13 19:26:34 UTC 2026","passed","Wed May 13 19:26:34 UTC 2026","","parseEnvironmentAggregation","",""
"","699","dispatches an action to add the associated node","Rule Object Select","Wed May 13 19:25:15 UTC 2026","passed","Wed May 13 19:25:16 UTC 2026","","","",""
"Test cases for Test_UseHarness","0","Test_UseHarness","","Wed May 13 19:21:14 UTC 2026","passed","Wed May 13 19:21:14 UTC 2026","","Go Test","github.com/specterops/bloodhound/packages/go/lab/Test_UseHarness","Test_UseHarness"
"","349","renders an edit form for the selected asset group when a user has graph write permissions","GroupManagement","Wed May 13 19:27:25 UTC 2026","passed","Wed May 13 19:27:26 UTC 2026","","","",""
"","27","sets input text to value","ManagedDatePicker - value","Wed May 13 19:24:24 UTC 2026","passed","Wed May 13 19:24:24 UTC 2026","","","",""
"","9","when password is not expired no redirect occurs","AuthenticatedRoute","Wed May 13 19:27:32 UTC 2026","passed","Wed May 13 19:27:32 UTC 2026","","","",""
"Test cases for TestResources_GetEdgeACLInheritancePath","71","TestResources_GetEdgeACLInheritancePath","","Wed May 13 19:20:56 UTC 2026","passed","Wed May 13 19:20:56 UTC 2026","","Go Test","github.com/specterops/bloodhound/cmd/api/src/api/v2/TestResources_GetEdgeACLInheritancePath","TestResources_GetEdgeACLInheritancePath"
"Test cases for TestTimeSetValid","0","TestTimeSetValid","","Wed May 13 19:20:59 UTC 2026","passed","Wed May 13 19:20:59 UTC 2026","","Go Test","github.com/specterops/bloodhound/cmd/api/src/database/types/null/TestTimeSetValid","TestTimeSetValid"
"","0","A type was provided but no keyword follows the typed filter","Getting the text for the disabled item display for a search when there are no results","Wed May 13 19:24:59 UTC 2026","passed","Wed May 13 19:24:59 UTC 2026","","Empty data states","",""
"Test cases for TestResources_GetOUEntityInfo","1","TestResources_GetOUEntityInfo","","Wed May 13 19:20:56 UTC 2026","passed","Wed May 13 19:20:56 UTC 2026","","Go Test","github.com/specterops/bloodhound/cmd/api/src/api/v2/TestResources_GetOUEntityInfo","TestResources_GetOUEntityInfo"
"Test cases for TestManagementResource_ListUsers_SortingError","0","TestManagementResource_ListUsers_SortingError","","Wed May 13 19:21:02 UTC 2026","passed","Wed May 13 19:21:02 UTC 2026","","Go Test","github.com/specterops/bloodhound/cmd/api/src/api/v2/auth/TestManagementResource_ListUsers_SortingError","TestManagementResource_ListUsers_SortingError"
"Test cases for TestConvertComputerToNode","0","TestConvertComputerToNode","","Wed May 13 19:21:13 UTC 2026","passed","Wed May 13 19:21:13 UTC 2026","","Go Test","github.com/specterops/bloodhound/packages/go/ein/TestConvertComputerToNode","TestConvertComputerToNode"
"","12","should not render if open === false","ConfirmUpdateQueryDialog","Wed May 13 19:26:12 UTC 2026","passed","Wed May 13 19:26:12 UTC 2026","","","",""
"","354","should render saml info provider","SSOProviderTable","Wed May 13 19:25:03 UTC 2026","passed","Wed May 13 19:25:03 UTC 2026","","","",""
"Test cases for TestJSONFloat_MarshalJSON_NaN","0","TestJSONFloat_MarshalJSON_NaN","","Wed May 13 19:20:59 UTC 2026","passed","Wed May 13 19:20:59 UTC 2026","","Go Test","github.com/specterops/bloodhound/cmd/api/src/database/types/nan/TestJSONFloat_MarshalJSON_NaN","TestJSONFloat_MarshalJSON_NaN"
"","33","renders a list of pre-built searches and displays categories and subcategories one time","PrebuiltSearchList","Wed May 13 19:24:32 UTC 2026","passed","Wed May 13 19:24:32 UTC 2026","","","",""
"Test cases for TestArgon2Digest_Validate","0","TestArgon2Digest_Validate","","Wed May 13 19:21:13 UTC 2026","passed","Wed May 13 19:21:13 UTC 2026","","Go Test","github.com/specterops/bloodhound/packages/go/crypto/TestArgon2Digest_Validate","TestArgon2Digest_Validate"
"Test cases for TestManagementResource_ListUsers_Filtered","0","TestManagementResource_ListUsers_Filtered","","Wed May 13 19:21:02 UTC 2026","passed","Wed May 13 19:21:02 UTC 2026","","Go Test","github.com/specterops/bloodhound/cmd/api/src/api/v2/auth/TestManagementResource_ListUsers_Filtered","TestManagementResource_ListUsers_Filtered"
"","408","renders the Import Query Dialog","ImportQueryDialog","Wed May 13 19:26:28 UTC 2026","passed","Wed May 13 19:26:28 UTC 2026","","","",""
"","11","renders highlight only for active selector when ruleId is present","SelectedHighlight","Wed May 13 19:25:42 UTC 2026","passed","Wed May 13 19:25:42 UTC 2026","","","",""
"","7","should render when search string is in the middle of the text","HighlightedText","Wed May 13 19:25:50 UTC 2026","passed","Wed May 13 19:25:50 UTC 2026","","","",""
"","433","calls onSave without current password when requireCurrentPassword is false","PasswordDialog","Wed May 13 19:22:23 UTC 2026","passed","Wed May 13 19:22:23 UTC 2026","","","",""
"","798","does not show a warning for using labels associated with tags in label forms (also shows correct View in Explore link)","Rule Form","Wed May 13 19:22:09 UTC 2026","passed","Wed May 13 19:22:09 UTC 2026","","","",""
"","87","buttons are disabled while loading","OneTimePasscodeForm","Wed May 13 19:25:46 UTC 2026","passed","Wed May 13 19:25:47 UTC 2026","","","",""
"","0","does not change the day, month, or year value of the DateTime object","floorToNearestMinute","Wed May 13 19:25:52 UTC 2026","passed","Wed May 13 19:25:52 UTC 2026","","","",""
"Test cases for TestInvalidValueError","1","TestInvalidValueError","","Wed May 13 19:21:12 UTC 2026","passed","Wed May 13 19:21:12 UTC 2026","","Go Test","github.com/specterops/bloodhound/packages/go/cache/TestInvalidValueError","TestInvalidValueError"
"Test cases for TestSignRequestSuccess","0","TestSignRequestSuccess","","Wed May 13 19:20:45 UTC 2026","passed","Wed May 13 19:20:45 UTC 2026","","Go Test","github.com/specterops/bloodhound/cmd/api/src/api/TestSignRequestSuccess","TestSignRequestSuccess"
"","177","should display ""Disable Multi-Factor Authentication"" button","Enable2FADialog","Wed May 13 19:25:13 UTC 2026","passed","Wed May 13 19:25:13 UTC 2026","","","",""
"Test cases for TestResources_GetUserEntityInfo","0","TestResources_GetUserEntityInfo","","Wed May 13 19:20:56 UTC 2026","passed","Wed May 13 19:20:56 UTC 2026","","Go Test","github.com/specterops/bloodhound/cmd/api/src/api/v2/TestResources_GetUserEntityInfo","TestResources_GetUserEntityInfo"
"Test cases for TestManagementResource_DeleteUser_GetUserError","0","TestManagementResource_DeleteUser_GetUserError","","Wed May 13 19:21:19 UTC 2026","passed","Wed May 13 19:21:19 UTC 2026","","Go Test","github.com/specterops/bloodhound/cmd/api/src/api/v2/auth/TestManagementResource_DeleteUser_GetUserError","TestManagementResource_DeleteUser_GetUserError"
"Test cases for TestResources_ListAcceptedFileUploadTypes","0","TestResources_ListAcceptedFileUploadTypes","","Wed May 13 19:20:56 UTC 2026","passed","Wed May 13 19:20:56 UTC 2026","","Go Test","github.com/specterops/bloodhound/cmd/api/src/api/v2/TestResources_ListAcceptedFileUploadTypes","TestResources_ListAcceptedFileUploadTypes"
"Test cases for TestManagementResource_ListPermissions_DBError","0","TestManagementResource_ListPermissions_DBError","","Wed May 13 19:21:02 UTC 2026","passed","Wed May 13 19:21:02 UTC 2026","","Go Test","github.com/specterops/bloodhound/cmd/api/src/api/v2/auth/TestManagementResource_ListPermissions_DBError","TestManagementResource_ListPermissions_DBError"
"Test cases for TestPasswordValidator","0","TestPasswordValidator","","Wed May 13 19:21:09 UTC 2026","passed","Wed May 13 19:21:09 UTC 2026","","Go Test","github.com/specterops/bloodhound/cmd/api/src/utils/validation/TestPasswordValidator","TestPasswordValidator"
"","20","displays CaretUp icon when the sortOrder is asc","ColumnHeaders","Wed May 13 19:24:27 UTC 2026","passed","Wed May 13 19:24:27 UTC 2026","","SortableHeader","",""
"","199","displays a polite message when there are no user updatable features available","EarlyAccessFeatures","Wed May 13 19:27:26 UTC 2026","passed","Wed May 13 19:27:26 UTC 2026","","","",""
"","1595","should add an option and display the changelog when it is clicked","AssetGroupEdit","Wed May 13 19:24:56 UTC 2026","passed","Wed May 13 19:24:57 UTC 2026","","","",""
"Test cases for TestResources_DeleteSavedQuery_DeleteError","0","TestResources_DeleteSavedQuery_DeleteError","","Wed May 13 19:20:56 UTC 2026","passed","Wed May 13 19:20:56 UTC 2026","","Go Test","github.com/specterops/bloodhound/cmd/api/src/api/v2/TestResources_DeleteSavedQuery_DeleteError","TestResources_DeleteSavedQuery_DeleteError"
"","94","calls onConfirm when confirm button clicked","EarlyAccessFeaturesWarningDialog","Wed May 13 19:27:45 UTC 2026","passed","Wed May 13 19:27:45 UTC 2026","","","",""
"","7","safely handles removing nonexistent key","useObjectState","Wed May 13 19:25:51 UTC 2026","passed","Wed May 13 19:25:51 UTC 2026","","","",""
"Test cases for TestResources_ListADDomainOutboundTrusts","0","TestResources_ListADDomainOutboundTrusts","","Wed May 13 19:20:56 UTC 2026","passed","Wed May 13 19:20:56 UTC 2026","","Go Test","github.com/specterops/bloodhound/cmd/api/src/api/v2/TestResources_ListADDomainOutboundTrusts","TestResources_ListADDomainOutboundTrusts"
"","2","removes the key when null is passed to the setter","useLocalStorage","Wed May 13 19:23:48 UTC 2026","passed","Wed May 13 19:23:48 UTC 2026","","setValue","",""
"","0","fails for password without uppercase letters","testPassword","Wed May 13 19:26:34 UTC 2026","passed","Wed May 13 19:26:34 UTC 2026","","","",""
"Test cases for TestGenericAssign","0","TestGenericAssign","","Wed May 13 19:21:08 UTC 2026","passed","Wed May 13 19:21:08 UTC 2026","","Go Test","github.com/specterops/bloodhound/cmd/api/src/utils/TestGenericAssign","TestGenericAssign"
"","0","returns null if paramValue is ''","useEnvironmentParams","Wed May 13 19:26:34 UTC 2026","passed","Wed May 13 19:26:34 UTC 2026","","parseEnvironmentAggregation","",""
"","2","determines glyphs with the tier_managent_engine feature flag disabled","getNodeGlyphs","Wed May 13 19:27:18 UTC 2026","passed","Wed May 13 19:27:18 UTC 2026","","","",""
"","43","initializes with the given state","useObjectState","Wed May 13 19:25:51 UTC 2026","passed","Wed May 13 19:25:51 UTC 2026","","","",""
"","49","does not render count for a selected zone if prop is not set","DynamicDetails","Wed May 13 19:23:46 UTC 2026","passed","Wed May 13 19:23:46 UTC 2026","","","",""
"","0","returns false if value is 'string'","searchParams","Wed May 13 19:25:05 UTC 2026","passed","Wed May 13 19:25:05 UTC 2026","","isEmptyParam","",""
"","373","toggles a source kind off from all selected nested graph data options","GraphDataCheckboxes","Wed May 13 19:22:49 UTC 2026","passed","Wed May 13 19:22:49 UTC 2026","","","",""
"","0","should exclude operations within a tag when only the path matches but not all paths","opsFilter","Wed May 13 19:25:34 UTC 2026","passed","Wed May 13 19:25:34 UTC 2026","","","",""
"","943","opens a submenu when user hovers over `Copy`","ContextMenu","Wed May 13 19:23:12 UTC 2026","passed","Wed May 13 19:23:13 UTC 2026","","","",""
"","1","adds email filter if madeBy contains ""@""","createHistoryParams","Wed May 13 19:25:41 UTC 2026","passed","Wed May 13 19:25:41 UTC 2026","","","",""
"Test cases for TestResources_ExportSavedQueries","27","TestResources_ExportSavedQueries","","Wed May 13 19:20:56 UTC 2026","passed","Wed May 13 19:20:56 UTC 2026","","Go Test","github.com/specterops/bloodhound/cmd/api/src/api/v2/TestResources_ExportSavedQueries","TestResources_ExportSavedQueries"
"","2828","Clicking on a row causes row to be selected","ExploreTable","Wed May 13 19:21:51 UTC 2026","passed","Wed May 13 19:21:54 UTC 2026","","","",""
"Test cases for TestFloatScan","0","TestFloatScan","","Wed May 13 19:20:59 UTC 2026","passed","Wed May 13 19:20:59 UTC 2026","","Go Test","github.com/specterops/bloodhound/cmd/api/src/database/types/null/TestFloatScan","TestFloatScan"
"Test cases for TestResources_ListADDomainForeignAdmins","2","TestResources_ListADDomainForeignAdmins","","Wed May 13 19:20:56 UTC 2026","passed","Wed May 13 19:20:56 UTC 2026","","Go Test","github.com/specterops/bloodhound/cmd/api/src/api/v2/TestResources_ListADDomainForeignAdmins","TestResources_ListADDomainForeignAdmins"
"","1041","renders asset group edit options with graph write permissions","ContextMenu","Wed May 13 19:23:10 UTC 2026","passed","Wed May 13 19:23:11 UTC 2026","","","",""
"Test cases for TestNodeNamePrefix_String","0","TestNodeNamePrefix_String","","Wed May 13 19:21:12 UTC 2026","passed","Wed May 13 19:21:12 UTC 2026","","Go Test","github.com/specterops/bloodhound/packages/go/analysis/ad/wellknown/TestNodeNamePrefix_String","TestNodeNamePrefix_String"
"","307","renders an error message without throwing a TypeError","EntityInfoCollapsibleSection","Wed May 13 19:26:05 UTC 2026","passed","Wed May 13 19:26:05 UTC 2026","","","",""
"","0","escapes a backslash","escapeCypherString","Wed May 13 19:26:28 UTC 2026","passed","Wed May 13 19:26:28 UTC 2026","","","",""
"","2","uppercases boolean values","Formatting boolean properties","Wed May 13 19:23:24 UTC 2026","passed","Wed May 13 19:23:24 UTC 2026","","","",""
"","165","displays expected results when searching by objectid","SearchCurrentNodes","Wed May 13 19:24:42 UTC 2026","passed","Wed May 13 19:24:42 UTC 2026","","","",""
"Test cases for TestNewRewriter","0","TestNewRewriter","","Wed May 13 19:21:02 UTC 2026","passed","Wed May 13 19:21:02 UTC 2026","","Go Test","github.com/specterops/bloodhound/cmd/api/src/queries/TestNewRewriter","TestNewRewriter"
"Test cases for TestResources_ListADComputerRDPUsers","3","TestResources_ListADComputerRDPUsers","","Wed May 13 19:20:56 UTC 2026","passed","Wed May 13 19:20:56 UTC 2026","","Go Test","github.com/specterops/bloodhound/cmd/api/src/api/v2/TestResources_ListADComputerRDPUsers","TestResources_ListADComputerRDPUsers"
"","739","should call onSubmit with email address and password when login button clicked","LoginForm","Wed May 13 19:25:55 UTC 2026","passed","Wed May 13 19:25:56 UTC 2026","","","",""
"Test cases for TestTimeValueOrZero","0","TestTimeValueOrZero","","Wed May 13 19:20:59 UTC 2026","passed","Wed May 13 19:20:59 UTC 2026","","Go Test","github.com/specterops/bloodhound/cmd/api/src/database/types/null/TestTimeValueOrZero","TestTimeValueOrZero"
"","304","clicking a delete button calls deleteHandler","PrebuiltSearchList","Wed May 13 19:24:31 UTC 2026","passed","Wed May 13 19:24:32 UTC 2026","","","",""
"Test cases for TestResources_DownloadCollectorChecksumByVersion","1","TestResources_DownloadCollectorChecksumByVersion","","Wed May 13 19:20:56 UTC 2026","passed","Wed May 13 19:20:56 UTC 2026","","Go Test","github.com/specterops/bloodhound/cmd/api/src/api/v2/TestResources_DownloadCollectorChecksumByVersion","TestResources_DownloadCollectorChecksumByVersion"
"Test cases for TestInt64IsZero","0","TestInt64IsZero","","Wed May 13 19:20:59 UTC 2026","passed","Wed May 13 19:20:59 UTC 2026","","Go Test","github.com/specterops/bloodhound/cmd/api/src/database/types/null/TestInt64IsZero","TestInt64IsZero"
"Test cases for TestCache_NewCache","0","TestCache_NewCache","","Wed May 13 19:21:12 UTC 2026","passed","Wed May 13 19:21:12 UTC 2026","","Go Test","github.com/specterops/bloodhound/packages/go/cache/TestCache_NewCache","TestCache_NewCache"
"","3466","edges are displayed in alphabetical order","Pathfinding","Wed May 13 19:22:52 UTC 2026","passed","Wed May 13 19:22:56 UTC 2026","","","",""
"Test cases for TestResources_ListADDomainContainedGPOs","3","TestResources_ListADDomainContainedGPOs","","Wed May 13 19:20:56 UTC 2026","passed","Wed May 13 19:20:56 UTC 2026","","Go Test","github.com/specterops/bloodhound/cmd/api/src/api/v2/TestResources_ListADDomainContainedGPOs","TestResources_ListADDomainContainedGPOs"
"Test cases for TestGetSkipParamForGraphQuery","0","TestGetSkipParamForGraphQuery","","Wed May 13 19:21:08 UTC 2026","passed","Wed May 13 19:21:08 UTC 2026","","Go Test","github.com/specterops/bloodhound/cmd/api/src/utils/TestGetSkipParamForGraphQuery","TestGetSkipParamForGraphQuery"
"Test cases for TestResources_UpdateSavedQuery_InvalidBody","0","TestResources_UpdateSavedQuery_InvalidBody","","Wed May 13 19:20:56 UTC 2026","passed","Wed May 13 19:20:56 UTC 2026","","Go Test","github.com/specterops/bloodhound/cmd/api/src/api/v2/TestResources_UpdateSavedQuery_InvalidBody","TestResources_UpdateSavedQuery_InvalidBody"
"Test cases for TestManagementResource_UpdateUser_IDMalformed","1405","TestManagementResource_UpdateUser_IDMalformed","","Wed May 13 19:21:10 UTC 2026","passed","Wed May 13 19:21:12 UTC 2026","","Go Test","github.com/specterops/bloodhound/cmd/api/src/api/v2/auth/TestManagementResource_UpdateUser_IDMalformed","TestManagementResource_UpdateUser_IDMalformed"
"Test cases for TestRewriter_Enter_AllAttackPathsShortcut_ReplacesKinds","0","TestRewriter_Enter_AllAttackPathsShortcut_ReplacesKinds","","Wed May 13 19:21:02 UTC 2026","passed","Wed May 13 19:21:02 UTC 2026","","Go Test","github.com/specterops/bloodhound/cmd/api/src/queries/TestRewriter_Enter_AllAttackPathsShortcut_ReplacesKinds","TestRewriter_Enter_AllAttackPathsShortcut_ReplacesKinds"
"","2","reads and parses an existing value from localStorage","useLocalStorage","Wed May 13 19:23:48 UTC 2026","passed","Wed May 13 19:23:48 UTC 2026","","initial value","",""
"Test cases for TestMarshalFloatText","0","TestMarshalFloatText","","Wed May 13 19:20:59 UTC 2026","passed","Wed May 13 19:20:59 UTC 2026","","Go Test","github.com/specterops/bloodhound/cmd/api/src/database/types/null/TestMarshalFloatText","TestMarshalFloatText"
"","199","closes the dialog when the ""Cancel"" button is clicked","SchemaUploadDialog","Wed May 13 19:22:58 UTC 2026","passed","Wed May 13 19:22:58 UTC 2026","","","",""
"","265","toggles a nested graph data option off","GraphDataCheckboxes","Wed May 13 19:22:49 UTC 2026","passed","Wed May 13 19:22:49 UTC 2026","","","",""
"Test cases for TestGetLimitParamForGraphQuery","0","TestGetLimitParamForGraphQuery","","Wed May 13 19:21:08 UTC 2026","passed","Wed May 13 19:21:08 UTC 2026","","Go Test","github.com/specterops/bloodhound/cmd/api/src/utils/TestGetLimitParamForGraphQuery","TestGetLimitParamForGraphQuery"
"","792","renders group and tenant dropdown selectors","GroupManagement","Wed May 13 19:27:24 UTC 2026","passed","Wed May 13 19:27:25 UTC 2026","","","",""
"","0","reports an API error when the name for the rule is not unique","handleError","Wed May 13 19:23:01 UTC 2026","passed","Wed May 13 19:23:01 UTC 2026","","","",""
"","146","a timeout response from the server is handled","ExploreSearchCombobox with search timeout","Wed May 13 19:23:32 UTC 2026","passed","Wed May 13 19:23:32 UTC 2026","","","",""
"Test cases for TestResources_PreviewSelectors","1","TestResources_PreviewSelectors","","Wed May 13 19:20:56 UTC 2026","passed","Wed May 13 19:20:56 UTC 2026","","Go Test","github.com/specterops/bloodhound/cmd/api/src/api/v2/TestResources_PreviewSelectors","TestResources_PreviewSelectors"
"","0","abbreviates thousands, millions, billions, trillions as expected","numberFormatting","Wed May 13 19:24:29 UTC 2026","passed","Wed May 13 19:24:29 UTC 2026","","","",""
"","16","renders the tooltip icon when tooltipText prop is passed","ColumnHeaders","Wed May 13 19:24:27 UTC 2026","passed","Wed May 13 19:24:27 UTC 2026","","SortableHeader with Tooltip","",""
"","458","disables the delete button and all checkboxes if the user lacks permission","DatabaseManagement","Wed May 13 19:27:04 UTC 2026","passed","Wed May 13 19:27:05 UTC 2026","","","",""
"","0","should hide/expand search widget when user clicks minus/plus button","ExploreSearch rendering per tab","Wed May 13 19:27:49 UTC 2026","unknown","Wed May 13 19:27:49 UTC 2026","","","",""
"Test cases for TestMap","0","TestMap","","Wed May 13 19:21:15 UTC 2026","passed","Wed May 13 19:21:15 UTC 2026","","Go Test","github.com/specterops/bloodhound/packages/go/slicesext/TestMap","TestMap"
"Test cases for TestRandomDurationBetween","22","TestRandomDurationBetween","","Wed May 13 19:20:58 UTC 2026","passed","Wed May 13 19:20:58 UTC 2026","","Go Test","github.com/specterops/bloodhound/cmd/api/src/daemons/datapipe/TestRandomDurationBetween","TestRandomDurationBetween"
"","569","displays a warning dialog when mounted","EarlyAccessFeatures","Wed May 13 19:27:25 UTC 2026","passed","Wed May 13 19:27:25 UTC 2026","","","",""
"","0","abbreviates numbers larger than 1000 and should not round the tenth place digit","numberFormatting","Wed May 13 19:24:29 UTC 2026","passed","Wed May 13 19:24:29 UTC 2026","","","",""
"Test cases for TestBoolPointer","0","TestBoolPointer","","Wed May 13 19:20:59 UTC 2026","passed","Wed May 13 19:20:59 UTC 2026","","Go Test","github.com/specterops/bloodhound/cmd/api/src/database/types/null/TestBoolPointer","TestBoolPointer"
"","307","should render an SavedQueryPermissions component","SaveQueryDialog","Wed May 13 19:21:49 UTC 2026","passed","Wed May 13 19:21:49 UTC 2026","","","",""
"","1","EXTENDED ROUNDING when thresholds are set: abbreviates hundred-thousands, millions, billions, trillions as expected","numberFormatting","Wed May 13 19:24:29 UTC 2026","passed","Wed May 13 19:24:29 UTC 2026","","","",""
"","0","Fetching the data timed out","Getting the text for the disabled item display for a search when there are no results","Wed May 13 19:24:59 UTC 2026","passed","Wed May 13 19:24:59 UTC 2026","","Error states","",""
"Test cases for TestResources_CreateAssetGroupTagSelector","4","TestResources_CreateAssetGroupTagSelector","","Wed May 13 19:20:56 UTC 2026","passed","Wed May 13 19:20:56 UTC 2026","","Go Test","github.com/specterops/bloodhound/cmd/api/src/api/v2/TestResources_CreateAssetGroupTagSelector","TestResources_CreateAssetGroupTagSelector"
"Test cases for TestResources_DeleteSavedQuery","0","TestResources_DeleteSavedQuery","","Wed May 13 19:20:56 UTC 2026","passed","Wed May 13 19:20:56 UTC 2026","","Go Test","github.com/specterops/bloodhound/cmd/api/src/api/v2/TestResources_DeleteSavedQuery","TestResources_DeleteSavedQuery"
"Test cases for TestNormalizeToUTF8","0","TestNormalizeToUTF8","","Wed May 13 19:21:12 UTC 2026","passed","Wed May 13 19:21:12 UTC 2026","","Go Test","github.com/specterops/bloodhound/packages/go/bomenc/TestNormalizeToUTF8","TestNormalizeToUTF8"
"Test cases for TestParseAGMembersFromNodes_","0","TestParseAGMembersFromNodes_","","Wed May 13 19:20:56 UTC 2026","passed","Wed May 13 19:20:56 UTC 2026","","Go Test","github.com/specterops/bloodhound/cmd/api/src/api/v2/TestParseAGMembersFromNodes_","TestParseAGMembersFromNodes_"
"Test cases for TestNormalizeToUTF8_ReaderError","0","TestNormalizeToUTF8_ReaderError","","Wed May 13 19:21:12 UTC 2026","passed","Wed May 13 19:21:12 UTC 2026","","Go Test","github.com/specterops/bloodhound/packages/go/bomenc/TestNormalizeToUTF8_ReaderError","TestNormalizeToUTF8_ReaderError"
"","2","should compute normal vectors for line segments","bezier","Wed May 13 19:27:26 UTC 2026","passed","Wed May 13 19:27:26 UTC 2026","","","",""
"","61","sets autoDisplayTable to true if query returns nodes only, searchType = cypher, and and enabled is true","useExploreTableAutoDisplay","Wed May 13 19:25:35 UTC 2026","passed","Wed May 13 19:25:35 UTC 2026","","","",""
"","69","renders a link to the documentation","BloodHoundConfiguration","Wed May 13 19:27:47 UTC 2026","passed","Wed May 13 19:27:47 UTC 2026","","","",""
"","174","shows all checked boxes","GraphDataCheckboxes","Wed May 13 19:22:47 UTC 2026","passed","Wed May 13 19:22:48 UTC 2026","","","",""
"Test cases for TestParseVersion","0","TestParseVersion","","Wed May 13 19:21:09 UTC 2026","passed","Wed May 13 19:21:09 UTC 2026","","Go Test","github.com/specterops/bloodhound/cmd/api/src/version/TestParseVersion","TestParseVersion"
"Test cases for TestManagementResource_UpdateUser_SelfDisable","1485","TestManagementResource_UpdateUser_SelfDisable","","Wed May 13 19:21:14 UTC 2026","passed","Wed May 13 19:21:16 UTC 2026","","Go Test","github.com/specterops/bloodhound/cmd/api/src/api/v2/auth/TestManagementResource_UpdateUser_SelfDisable","TestManagementResource_UpdateUser_SelfDisable"
"","149","upon selecting a source node, updates the URL with a searchType of 'node' and primarySearch of the node's objectid","useNodeSearch","Wed May 13 19:25:41 UTC 2026","passed","Wed May 13 19:25:41 UTC 2026","","","",""
"Test cases for TestRateLimitMiddleware","0","TestRateLimitMiddleware","","Wed May 13 19:20:49 UTC 2026","passed","Wed May 13 19:20:49 UTC 2026","","Go Test","github.com/specterops/bloodhound/cmd/api/src/api/middleware/TestRateLimitMiddleware","TestRateLimitMiddleware"
"","74","should not display api key management button","Api Keys","Wed May 13 19:23:43 UTC 2026","passed","Wed May 13 19:23:43 UTC 2026","","","",""
"Test cases for TestUnmarshalNonIntegerNumber","0","TestUnmarshalNonIntegerNumber","","Wed May 13 19:20:59 UTC 2026","passed","Wed May 13 19:20:59 UTC 2026","","Go Test","github.com/specterops/bloodhound/cmd/api/src/database/types/null/TestUnmarshalNonIntegerNumber","TestUnmarshalNonIntegerNumber"
"TestMigrator_GenerateManifestAfterVersion builds upon the GenerateManifest testby starting from different version points and spot checking migration counts.","0","TestMigrator_GenerateManifestAfterVersion","","Wed May 13 19:20:59 UTC 2026","passed","Wed May 13 19:20:59 UTC 2026","","Go Test","github.com/specterops/bloodhound/cmd/api/src/database/migration/TestMigrator_GenerateManifestAfterVersion","TestMigrator_GenerateManifestAfterVersion"
"Test cases for TestResources_ListAuditLogs_InvalidColumn","0","TestResources_ListAuditLogs_InvalidColumn","","Wed May 13 19:20:56 UTC 2026","passed","Wed May 13 19:20:56 UTC 2026","","Go Test","github.com/specterops/bloodhound/cmd/api/src/api/v2/TestResources_ListAuditLogs_InvalidColumn","TestResources_ListAuditLogs_InvalidColumn"
"Test cases for TestResources_ProcessIngestTask","4","TestResources_ProcessIngestTask","","Wed May 13 19:20:56 UTC 2026","passed","Wed May 13 19:20:56 UTC 2026","","Go Test","github.com/specterops/bloodhound/cmd/api/src/api/v2/TestResources_ProcessIngestTask","TestResources_ProcessIngestTask"
"","6","should render when search string at the end of the text","HighlightedText","Wed May 13 19:25:50 UTC 2026","passed","Wed May 13 19:25:50 UTC 2026","","","",""
"","8","when password is expired and on password reset page, no redirect occurs","AuthenticatedRoute","Wed May 13 19:27:32 UTC 2026","passed","Wed May 13 19:27:32 UTC 2026","","","",""
"Test cases for TestParseSkipQueryParameter_BadFormat","0","TestParseSkipQueryParameter_BadFormat","","Wed May 13 19:20:56 UTC 2026","passed","Wed May 13 19:20:56 UTC 2026","","Go Test","github.com/specterops/bloodhound/cmd/api/src/api/v2/TestParseSkipQueryParameter_BadFormat","TestParseSkipQueryParameter_BadFormat"
"Test cases for TestResources_CreateSavedQuery","0","TestResources_CreateSavedQuery","","Wed May 13 19:20:56 UTC 2026","passed","Wed May 13 19:20:56 UTC 2026","","Go Test","github.com/specterops/bloodhound/cmd/api/src/api/v2/TestResources_CreateSavedQuery","TestResources_CreateSavedQuery"
"","396","should reject passwords with no special characters","CreateUserForm","Wed May 13 19:22:19 UTC 2026","passed","Wed May 13 19:22:20 UTC 2026","","","",""
"Test cases for TestManagementResource_GetSelf","0","TestManagementResource_GetSelf","","Wed May 13 19:21:18 UTC 2026","passed","Wed May 13 19:21:18 UTC 2026","","Go Test","github.com/specterops/bloodhound/cmd/api/src/api/v2/auth/TestManagementResource_GetSelf","TestManagementResource_GetSelf"
"Test cases for TestResources_ListADCSEscalations","0","TestResources_ListADCSEscalations","","Wed May 13 19:20:56 UTC 2026","passed","Wed May 13 19:20:56 UTC 2026","","Go Test","github.com/specterops/bloodhound/cmd/api/src/api/v2/TestResources_ListADCSEscalations","TestResources_ListADCSEscalations"
"","3","should return null if the edge key does not have enough information","getEdgeDataFromKey","Wed May 13 19:27:42 UTC 2026","passed","Wed May 13 19:27:42 UTC 2026","","","",""
"","67","should should reflect the NOT checked state for public query","SavedQueryPermissions","Wed May 13 19:24:56 UTC 2026","passed","Wed May 13 19:24:57 UTC 2026","","","",""
"Test cases for TestBoolEqual","0","TestBoolEqual","","Wed May 13 19:20:59 UTC 2026","passed","Wed May 13 19:20:59 UTC 2026","","Go Test","github.com/specterops/bloodhound/cmd/api/src/database/types/null/TestBoolEqual","TestBoolEqual"
"","846","renders the form for editing an existing rule","Rule Form","Wed May 13 19:22:03 UTC 2026","passed","Wed May 13 19:22:04 UTC 2026","","","",""
"Test cases for TestResources_UpdateSavedQuery_OwnPrivateQuery_Success","0","TestResources_UpdateSavedQuery_OwnPrivateQuery_Success","","Wed May 13 19:20:56 UTC 2026","passed","Wed May 13 19:20:56 UTC 2026","","Go Test","github.com/specterops/bloodhound/cmd/api/src/api/v2/TestResources_UpdateSavedQuery_OwnPrivateQuery_Success","TestResources_UpdateSavedQuery_OwnPrivateQuery_Success"
"","23","renders custom icon overlap correctly","NodeIcon","Wed May 13 19:25:57 UTC 2026","passed","Wed May 13 19:25:57 UTC 2026","","","",""
"","68","passes checks if the user has multiple required permissions","usePermissions","Wed May 13 19:23:36 UTC 2026","passed","Wed May 13 19:23:36 UTC 2026","","","",""
"","5","handles ISO 8601 formatted date strings and converts it into our standard date display format","Formatting string properties","Wed May 13 19:23:24 UTC 2026","passed","Wed May 13 19:23:24 UTC 2026","","","",""
"Test cases for TestResources_CreateSavedQuery_NotAUserAuth","0","TestResources_CreateSavedQuery_NotAUserAuth","","Wed May 13 19:20:56 UTC 2026","passed","Wed May 13 19:20:56 UTC 2026","","Go Test","github.com/specterops/bloodhound/cmd/api/src/api/v2/TestResources_CreateSavedQuery_NotAUserAuth","TestResources_CreateSavedQuery_NotAUserAuth"
"","122","renders the glyph form input when the editing a zone that is not the highest privileged","Tag Form","Wed May 13 19:21:47 UTC 2026","passed","Wed May 13 19:21:47 UTC 2026","","","",""
"Test cases for TestGetAzureDataQualityStats_Failure","0","TestGetAzureDataQualityStats_Failure","","Wed May 13 19:20:56 UTC 2026","passed","Wed May 13 19:20:56 UTC 2026","","Go Test","github.com/specterops/bloodhound/cmd/api/src/api/v2/TestGetAzureDataQualityStats_Failure","TestGetAzureDataQualityStats_Failure"
"Test cases for TestRewriter_Enter_NoShortcut_PreservesKinds","0","TestRewriter_Enter_NoShortcut_PreservesKinds","","Wed May 13 19:21:02 UTC 2026","passed","Wed May 13 19:21:02 UTC 2026","","Go Test","github.com/specterops/bloodhound/cmd/api/src/queries/TestRewriter_Enter_NoShortcut_PreservesKinds","TestRewriter_Enter_NoShortcut_PreservesKinds"
"","0","prefixes each node_kind with a colon for labels","graphSchema","Wed May 13 19:26:06 UTC 2026","passed","Wed May 13 19:26:06 UTC 2026","","","",""
"","0","fails for password with control characters","testPassword","Wed May 13 19:26:34 UTC 2026","passed","Wed May 13 19:26:34 UTC 2026","","","",""
"","156","renders a button for opening the dialog","SchemaUploadDialog","Wed May 13 19:22:57 UTC 2026","passed","Wed May 13 19:22:57 UTC 2026","","","",""
"","143","calls handleFilterChange with all filter types and empty strings when clicked while filters are active","AssetGroupEdit","Wed May 13 19:23:31 UTC 2026","passed","Wed May 13 19:23:31 UTC 2026","","Clear Filters button","",""
"Test cases for TestWriteResponseWrapperWithPagination","0","TestWriteResponseWrapperWithPagination","","Wed May 13 19:20:45 UTC 2026","passed","Wed May 13 19:20:45 UTC 2026","","Go Test","github.com/specterops/bloodhound/cmd/api/src/api/TestWriteResponseWrapperWithPagination","TestWriteResponseWrapperWithPagination"
"","177","does not make feature-flag request if user is not fully authenticated","app","Wed May 13 19:27:32 UTC 2026","passed","Wed May 13 19:27:32 UTC 2026","","<Inner />","",""
"","103","Searching for existing node type returns node properties","useFetchEntityInfo","Wed May 13 19:24:17 UTC 2026","passed","Wed May 13 19:24:17 UTC 2026","","","",""
"","28","renders a preview version by default","PrivilegeZonesCypherEditor Search component for Zone Management","Wed May 13 19:25:31 UTC 2026","passed","Wed May 13 19:25:31 UTC 2026","","","",""
"","3","formats the date string","toFormatted","Wed May 13 19:25:52 UTC 2026","passed","Wed May 13 19:25:52 UTC 2026","","","",""
"","296","closes confirmation dialog when cancel is clicked","ActiveExtensionsCard","Wed May 13 19:22:07 UTC 2026","passed","Wed May 13 19:22:07 UTC 2026","","","",""
"","837","should display all available SSO providers","UpdateUserDialog","Wed May 13 19:22:40 UTC 2026","passed","Wed May 13 19:22:41 UTC 2026","","","",""
"","0","returns undefined if graphData is {} or not a GraphResponse","getExploreTableData","Wed May 13 19:24:31 UTC 2026","passed","Wed May 13 19:24:31 UTC 2026","","","",""
"Test cases for TestResources_DeleteSavedQuery_NotAUserAuth","0","TestResources_DeleteSavedQuery_NotAUserAuth","","Wed May 13 19:20:56 UTC 2026","passed","Wed May 13 19:20:56 UTC 2026","","Go Test","github.com/specterops/bloodhound/cmd/api/src/api/v2/TestResources_DeleteSavedQuery_NotAUserAuth","TestResources_DeleteSavedQuery_NotAUserAuth"
"","533","should display Environmental Targeted Access Control panel when showEnvironmentAccessControls prop is true and read-only role is selected","CreateUserForm","Wed May 13 19:22:16 UTC 2026","passed","Wed May 13 19:22:16 UTC 2026","","","",""
"","362","Displays a modal after clicking Analyze Now button and run analysis after clicking confirm","AnalyzeNowConfiguration","Wed May 13 19:23:48 UTC 2026","passed","Wed May 13 19:23:48 UTC 2026","","","",""
"Test cases for TestParseUserIP_XForwardedFor_RemoteAddr","0","TestParseUserIP_XForwardedFor_RemoteAddr","","Wed May 13 19:20:49 UTC 2026","passed","Wed May 13 19:20:49 UTC 2026","","Go Test","github.com/specterops/bloodhound/cmd/api/src/api/middleware/TestParseUserIP_XForwardedFor_RemoteAddr","TestParseUserIP_XForwardedFor_RemoteAddr"
"Test cases for TestFlatMap","0","TestFlatMap","","Wed May 13 19:21:15 UTC 2026","passed","Wed May 13 19:21:15 UTC 2026","","Go Test","github.com/specterops/bloodhound/packages/go/slicesext/TestFlatMap","TestFlatMap"
"Test cases for TestResources_SearchAssetGroupTags","1","TestResources_SearchAssetGroupTags","","Wed May 13 19:20:56 UTC 2026","passed","Wed May 13 19:20:56 UTC 2026","","Go Test","github.com/specterops/bloodhound/cmd/api/src/api/v2/TestResources_SearchAssetGroupTags","TestResources_SearchAssetGroupTags"
"","40","uses the discardQueryParams prop to discard all query params on the link","AppLink","Wed May 13 19:24:50 UTC 2026","passed","Wed May 13 19:24:50 UTC 2026","","","",""
"","247","displays loading state","GraphDataCheckboxes","Wed May 13 19:22:46 UTC 2026","passed","Wed May 13 19:22:46 UTC 2026","","","",""
"Test cases for TestResources_ListAuditLogs_OnlyOffset","0","TestResources_ListAuditLogs_OnlyOffset","","Wed May 13 19:20:56 UTC 2026","passed","Wed May 13 19:20:56 UTC 2026","","Go Test","github.com/specterops/bloodhound/cmd/api/src/api/v2/TestResources_ListAuditLogs_OnlyOffset","TestResources_ListAuditLogs_OnlyOffset"
"Test cases for TestSelfDestructingTempFile","0","TestSelfDestructingTempFile","","Wed May 13 19:20:45 UTC 2026","passed","Wed May 13 19:20:45 UTC 2026","","Go Test","github.com/specterops/bloodhound/cmd/api/src/api/TestSelfDestructingTempFile","TestSelfDestructingTempFile"
"Test cases for TestResources_ListADOUContainedComputers","0","TestResources_ListADOUContainedComputers","","Wed May 13 19:20:56 UTC 2026","passed","Wed May 13 19:20:56 UTC 2026","","Go Test","github.com/specterops/bloodhound/cmd/api/src/api/v2/TestResources_ListADOUContainedComputers","TestResources_ListADOUContainedComputers"
"","6","adds new key to state","useObjectState","Wed May 13 19:25:51 UTC 2026","passed","Wed May 13 19:25:51 UTC 2026","","","",""
"","62","Searching for custom node type with databaseId returns node properties","useFetchEntityInfo","Wed May 13 19:24:17 UTC 2026","passed","Wed May 13 19:24:17 UTC 2026","","","",""
"","38","should on clicking remove call clearSelectedItem","EdgeInfoHeader","Wed May 13 19:25:11 UTC 2026","passed","Wed May 13 19:25:11 UTC 2026","","","",""
"Test cases for TestManagementResource_UpdateUser_LookupActiveSessionsError","662","TestManagementResource_UpdateUser_LookupActiveSessionsError","","Wed May 13 19:21:17 UTC 2026","passed","Wed May 13 19:21:18 UTC 2026","","Go Test","github.com/specterops/bloodhound/cmd/api/src/api/v2/auth/TestManagementResource_UpdateUser_LookupActiveSessionsError","TestManagementResource_UpdateUser_LookupActiveSessionsError"
"","11","returns azure environmentInfo when environmentAggregation param is azure","useAvailableEnvironments","Wed May 13 19:24:07 UTC 2026","passed","Wed May 13 19:24:07 UTC 2026","","useSelectedEnvironment","",""
"","301","should call ""onSave"" one time","Enable2FADialog","Wed May 13 19:25:13 UTC 2026","passed","Wed May 13 19:25:14 UTC 2026","user clicks ""Disable Multi-Factor Authentication"" button","user enters valid password","",""
"","1","prevents MouseCoords events","preventAllDefaults","Wed May 13 19:27:47 UTC 2026","passed","Wed May 13 19:27:47 UTC 2026","","","",""
"","85","renders a ListItemActionMenu component","ListItemActionMenu","Wed May 13 19:25:04 UTC 2026","passed","Wed May 13 19:25:05 UTC 2026","","","",""
"Test cases for TestIntSetValid","0","TestIntSetValid","","Wed May 13 19:20:59 UTC 2026","passed","Wed May 13 19:20:59 UTC 2026","","Go Test","github.com/specterops/bloodhound/cmd/api/src/database/types/null/TestIntSetValid","TestIntSetValid"
"Test cases for TestManagementResource_ListUsers_DBError","0","TestManagementResource_ListUsers_DBError","","Wed May 13 19:21:02 UTC 2026","passed","Wed May 13 19:21:02 UTC 2026","","Go Test","github.com/specterops/bloodhound/cmd/api/src/api/v2/auth/TestManagementResource_ListUsers_DBError","TestManagementResource_ListUsers_DBError"
"Test cases for TestManagementResource_ListPermissions","0","TestManagementResource_ListPermissions","","Wed May 13 19:21:02 UTC 2026","passed","Wed May 13 19:21:02 UTC 2026","","Go Test","github.com/specterops/bloodhound/cmd/api/src/api/v2/auth/TestManagementResource_ListPermissions","TestManagementResource_ListPermissions"
"Test cases for TestManagementResource_DeleteUser_UserNotFound","0","TestManagementResource_DeleteUser_UserNotFound","","Wed May 13 19:21:18 UTC 2026","passed","Wed May 13 19:21:18 UTC 2026","","Go Test","github.com/specterops/bloodhound/cmd/api/src/api/v2/auth/TestManagementResource_DeleteUser_UserNotFound","TestManagementResource_DeleteUser_UserNotFound"
"Test cases for TestTimeFromPtr","0","TestTimeFromPtr","","Wed May 13 19:20:59 UTC 2026","passed","Wed May 13 19:20:59 UTC 2026","","Go Test","github.com/specterops/bloodhound/cmd/api/src/database/types/null/TestTimeFromPtr","TestTimeFromPtr"
"Test cases for TestSortJSONArrays","1","TestSortJSONArrays","","Wed May 13 19:21:09 UTC 2026","passed","Wed May 13 19:21:09 UTC 2026","","Go Test","github.com/specterops/bloodhound/cmd/api/src/utils/test/TestSortJSONArrays","TestSortJSONArrays"
"","0","runs a pathfinding search when the query param is set to ""pathfinding""","useExploreGraph","Wed May 13 19:22:53 UTC 2026","passed","Wed May 13 19:22:53 UTC 2026","","exploreGraphQueryFactory","",""
"","2270","should close the edge filtering dialog when user clicks apply button","EdgeFilter","Wed May 13 19:24:19 UTC 2026","passed","Wed May 13 19:24:21 UTC 2026","","","",""
"","151","closes the dropdown when clicking outside","ManageColumnsComboBox","Wed May 13 19:23:20 UTC 2026","passed","Wed May 13 19:23:20 UTC 2026","","","",""
"Test cases for TestOpenGraphSchemaService_ListExtensions","3","TestOpenGraphSchemaService_ListExtensions","","Wed May 13 19:21:04 UTC 2026","passed","Wed May 13 19:21:04 UTC 2026","","Go Test","github.com/specterops/bloodhound/cmd/api/src/services/opengraphschema/TestOpenGraphSchemaService_ListExtensions","TestOpenGraphSchemaService_ListExtensions"
"Test cases for TestExpireUserAuthSecret_Success","0","TestExpireUserAuthSecret_Success","","Wed May 13 19:21:02 UTC 2026","passed","Wed May 13 19:21:02 UTC 2026","","Go Test","github.com/specterops/bloodhound/cmd/api/src/api/v2/auth/TestExpireUserAuthSecret_Success","TestExpireUserAuthSecret_Success"
"","102","displays pinned columns and unselected columns in the dropdown","ManageColumnsComboBox","Wed May 13 19:23:20 UTC 2026","passed","Wed May 13 19:23:20 UTC 2026","","","",""
"","292","displays a “Disable query timeout” checkbox when timeout limit param config is enabled false","ExploreSearch interaction","Wed May 13 19:27:08 UTC 2026","passed","Wed May 13 19:27:09 UTC 2026","","","",""
"","3","returns default empty labels and relationshipTypes when called with no arguments","graphSchema","Wed May 13 19:26:06 UTC 2026","passed","Wed May 13 19:26:06 UTC 2026","","","",""
"","61","returns a list of the users current permissions","usePermissions","Wed May 13 19:23:36 UTC 2026","passed","Wed May 13 19:23:36 UTC 2026","","","",""
"","60","disables delete button for user without correct permissions","ActiveExtensionsCard","Wed May 13 19:22:07 UTC 2026","passed","Wed May 13 19:22:07 UTC 2026","","","",""
"","295","fires click handlers","ConfirmDeleteQueryDialog","Wed May 13 19:26:28 UTC 2026","passed","Wed May 13 19:26:28 UTC 2026","","","",""
"Test cases for Test_hasCycle","0","Test_hasCycle","","Wed May 13 19:21:14 UTC 2026","passed","Wed May 13 19:21:14 UTC 2026","","Go Test","github.com/specterops/bloodhound/packages/go/lab/Test_hasCycle","Test_hasCycle"
"","5","returns the node_keys from the graphData with duplicate keys removed and known keys added","getExploreTableData","Wed May 13 19:24:31 UTC 2026","passed","Wed May 13 19:24:31 UTC 2026","","","",""
"Test cases for TestFillAndPopulateDefaultAdminInfo","0","TestFillAndPopulateDefaultAdminInfo","","Wed May 13 19:20:57 UTC 2026","passed","Wed May 13 19:20:57 UTC 2026","","Go Test","github.com/specterops/bloodhound/cmd/api/src/bootstrap/TestFillAndPopulateDefaultAdminInfo","TestFillAndPopulateDefaultAdminInfo"
"","5","returns the remaining amount of zones available for creation","useTagLimits","Wed May 13 19:22:23 UTC 2026","passed","Wed May 13 19:22:23 UTC 2026","","","",""
"","997","handles adding to tier zero asset group","AssetGroupMenuItem","Wed May 13 19:27:02 UTC 2026","passed","Wed May 13 19:27:03 UTC 2026","","adding to an asset group","",""
"Test cases for TestIntFrom","0","TestIntFrom","","Wed May 13 19:20:59 UTC 2026","passed","Wed May 13 19:20:59 UTC 2026","","Go Test","github.com/specterops/bloodhound/cmd/api/src/database/types/null/TestIntFrom","TestIntFrom"
"","295","displays a Filters button","FileIngest","Wed May 13 19:25:46 UTC 2026","passed","Wed May 13 19:25:46 UTC 2026","","","",""
"","138","should fire Cancel once with false","ConfirmationDialog","Wed May 13 19:26:23 UTC 2026","passed","Wed May 13 19:26:23 UTC 2026","","","",""
"Test cases for TestNewAuditLog_BadAuthContext","0","TestNewAuditLog_BadAuthContext","","Wed May 13 19:20:59 UTC 2026","passed","Wed May 13 19:20:59 UTC 2026","","Go Test","github.com/specterops/bloodhound/cmd/api/src/database/TestNewAuditLog_BadAuthContext","TestNewAuditLog_BadAuthContext"
"Copyright 2021 The Go Authors. All rights reserved.TestConcat was ripped from go1.22 source and should be replaced with the stdlib implementation when we move to 1.22Original source: https:","0","TestConcat_too_large","","Wed May 13 19:21:15 UTC 2026","passed","Wed May 13 19:21:15 UTC 2026","","Go Test","github.com/specterops/bloodhound/packages/go/slicesext/TestConcat_too_large","TestConcat_too_large"
"","277","displays a completion of 100% and adds a ""Close"" button that closes the dialog after a successful upload","SchemaUploadDialog","Wed May 13 19:22:59 UTC 2026","passed","Wed May 13 19:22:59 UTC 2026","","","",""
"","37","passes data to testing component","SavedQueriesProvider","Wed May 13 19:26:16 UTC 2026","passed","Wed May 13 19:26:16 UTC 2026","","","",""
"Test cases for TestFeatureFlag_HA","304","TestFeatureFlag_HA","","Wed May 13 19:20:58 UTC 2026","passed","Wed May 13 19:20:58 UTC 2026","","Go Test","github.com/specterops/bloodhound/cmd/api/src/daemons/changelog/TestFeatureFlag_HA","TestFeatureFlag_HA"
"","9","constructs correct URLSearchParams with all filters","createHistoryParams","Wed May 13 19:25:41 UTC 2026","passed","Wed May 13 19:25:41 UTC 2026","","","",""
"Test cases for TestResources_GetPermissionsForSavedQuery","41","TestResources_GetPermissionsForSavedQuery","","Wed May 13 19:20:56 UTC 2026","passed","Wed May 13 19:20:56 UTC 2026","","Go Test","github.com/specterops/bloodhound/cmd/api/src/api/v2/TestResources_GetPermissionsForSavedQuery","TestResources_GetPermissionsForSavedQuery"
"","116","renders enabled Zone and Rule tabs and disabled Object tab","Selected Details Tabs","Wed May 13 19:23:55 UTC 2026","passed","Wed May 13 19:23:55 UTC 2026","","Selected Details Tabs - Params present","",""
"","484","switches Rule tab to active/selected when clicked","Selected Details Tabs","Wed May 13 19:23:54 UTC 2026","passed","Wed May 13 19:23:55 UTC 2026","","Selected Details Tabs - Click Interactions","",""
"Test cases for TestResources_UpdateSavedQuery_OwnPublicQuery_Success","0","TestResources_UpdateSavedQuery_OwnPublicQuery_Success","","Wed May 13 19:20:56 UTC 2026","passed","Wed May 13 19:20:56 UTC 2026","","Go Test","github.com/specterops/bloodhound/cmd/api/src/api/v2/TestResources_UpdateSavedQuery_OwnPublicQuery_Success","TestResources_UpdateSavedQuery_OwnPublicQuery_Success"
"","281","toggles parent from some to all","GraphDataCheckboxes","Wed May 13 19:22:48 UTC 2026","passed","Wed May 13 19:22:48 UTC 2026","","","",""
"Test cases for TestFilterStructSlice","0","TestFilterStructSlice","","Wed May 13 19:20:45 UTC 2026","passed","Wed May 13 19:20:45 UTC 2026","","Go Test","github.com/specterops/bloodhound/cmd/api/src/api/TestFilterStructSlice","TestFilterStructSlice"
"","319","should display correctly","DeleteConfirmationDialog","Wed May 13 19:26:03 UTC 2026","passed","Wed May 13 19:26:03 UTC 2026","","","",""
"Test cases for TestMergedFS_ReadDir","1","TestMergedFS_ReadDir","","Wed May 13 19:20:59 UTC 2026","passed","Wed May 13 19:20:59 UTC 2026","","Go Test","github.com/specterops/bloodhound/cmd/api/src/database/migration/TestMergedFS_ReadDir","TestMergedFS_ReadDir"
"Test cases for TestTracker_HasEdge_PropertyMismatchTriggersInsert","0","TestTracker_HasEdge_PropertyMismatchTriggersInsert","","Wed May 13 19:21:12 UTC 2026","passed","Wed May 13 19:21:12 UTC 2026","","Go Test","github.com/specterops/bloodhound/packages/go/analysis/post/TestTracker_HasEdge_PropertyMismatchTriggersInsert","TestTracker_HasEdge_PropertyMismatchTriggersInsert"
"Test cases for TestManagementResource_UpdateOIDCProvider","1","TestManagementResource_UpdateOIDCProvider","","Wed May 13 19:21:31 UTC 2026","passed","Wed May 13 19:21:31 UTC 2026","","Go Test","github.com/specterops/bloodhound/cmd/api/src/api/v2/auth/TestManagementResource_UpdateOIDCProvider","TestManagementResource_UpdateOIDCProvider"
"Test cases for TestValidateTOTPSecret","0","TestValidateTOTPSecret","","Wed May 13 19:20:57 UTC 2026","passed","Wed May 13 19:20:57 UTC 2026","","Go Test","github.com/specterops/bloodhound/cmd/api/src/auth/TestValidateTOTPSecret","TestValidateTOTPSecret"
"","0","isError returns as expected based on all queries combined","queriesAreLoadingOrErrored","Wed May 13 19:26:35 UTC 2026","passed","Wed May 13 19:26:35 UTC 2026","","","",""
"Test cases for Test_HarnessTeardown","0","Test_HarnessTeardown","","Wed May 13 19:21:14 UTC 2026","passed","Wed May 13 19:21:14 UTC 2026","","Go Test","github.com/specterops/bloodhound/packages/go/lab/Test_HarnessTeardown","Test_HarnessTeardown"
"","62","renders the title","ProcessingIndicator","Wed May 13 19:26:37 UTC 2026","passed","Wed May 13 19:26:37 UTC 2026","","","",""
"Test cases for TestManagementResource_ListSAMLSignOnEndpoints","6","TestManagementResource_ListSAMLSignOnEndpoints","","Wed May 13 19:21:31 UTC 2026","passed","Wed May 13 19:21:31 UTC 2026","","Go Test","github.com/specterops/bloodhound/cmd/api/src/api/v2/auth/TestManagementResource_ListSAMLSignOnEndpoints","TestManagementResource_ListSAMLSignOnEndpoints"
"Test cases for TestArgon2_Digest","0","TestArgon2_Digest","","Wed May 13 19:21:13 UTC 2026","passed","Wed May 13 19:21:13 UTC 2026","","Go Test","github.com/specterops/bloodhound/packages/go/crypto/TestArgon2_Digest","TestArgon2_Digest"
"","17","renders correctly when an unexpected nodeType is passed","NodeIcon","Wed May 13 19:25:56 UTC 2026","passed","Wed May 13 19:25:56 UTC 2026","","","",""
"Test cases for TestSavedQueries_IsString","0","TestSavedQueries_IsString","","Wed May 13 19:20:59 UTC 2026","passed","Wed May 13 19:20:59 UTC 2026","","Go Test","github.com/specterops/bloodhound/cmd/api/src/model/TestSavedQueries_IsString","TestSavedQueries_IsString"
"","113","renders the analysis toggle when multi tier analysis enabled is true and when editing an existing zone","Tag Form","Wed May 13 19:21:47 UTC 2026","passed","Wed May 13 19:21:47 UTC 2026","","","",""
"Test cases for TestRRuleValidator","0","TestRRuleValidator","","Wed May 13 19:21:09 UTC 2026","passed","Wed May 13 19:21:09 UTC 2026","","Go Test","github.com/specterops/bloodhound/cmd/api/src/utils/validation/TestRRuleValidator","TestRRuleValidator"
"Test cases for TestResources_UpdateSavedQuery_QueryBelongsToAnotherUser","0","TestResources_UpdateSavedQuery_QueryBelongsToAnotherUser","","Wed May 13 19:20:56 UTC 2026","passed","Wed May 13 19:20:56 UTC 2026","","Go Test","github.com/specterops/bloodhound/cmd/api/src/api/v2/TestResources_UpdateSavedQuery_QueryBelongsToAnotherUser","TestResources_UpdateSavedQuery_QueryBelongsToAnotherUser"
"","63","enables filtering out for tags that are treated as Labels (including Owned)","the useAssetGroupTags utilities","Wed May 13 19:23:14 UTC 2026","passed","Wed May 13 19:23:14 UTC 2026","","","",""
"","185","fires runQuery in context provider","ListItemActionMenu","Wed May 13 19:25:05 UTC 2026","passed","Wed May 13 19:25:06 UTC 2026","","","",""
"","62","Validate Displays all the Roles","useListDisplayRoles","Wed May 13 19:23:04 UTC 2026","passed","Wed May 13 19:23:04 UTC 2026","","","",""
"","0","returns true if value is null","searchParams","Wed May 13 19:25:05 UTC 2026","passed","Wed May 13 19:25:05 UTC 2026","","isEmptyParam","",""
"Test cases for TestDomainSelectors_GetFilterCriteria_Domain","1","TestDomainSelectors_GetFilterCriteria_Domain","","Wed May 13 19:20:59 UTC 2026","passed","Wed May 13 19:20:59 UTC 2026","","Go Test","github.com/specterops/bloodhound/cmd/api/src/model/TestDomainSelectors_GetFilterCriteria_Domain","TestDomainSelectors_GetFilterCriteria_Domain"
"Test cases for TestQueries_BuildEntityQueryParams","0","TestQueries_BuildEntityQueryParams","","Wed May 13 19:21:02 UTC 2026","passed","Wed May 13 19:21:02 UTC 2026","","Go Test","github.com/specterops/bloodhound/cmd/api/src/queries/TestQueries_BuildEntityQueryParams","TestQueries_BuildEntityQueryParams"
"","263","handles creating a new zone","Tag Form","Wed May 13 19:21:48 UTC 2026","passed","Wed May 13 19:21:48 UTC 2026","","","",""
"","0","handles only escapable characters","escapeCypherString","Wed May 13 19:26:28 UTC 2026","passed","Wed May 13 19:26:28 UTC 2026","","","",""
"","6","should not render a Field when the provided value is []","Field","Wed May 13 19:26:04 UTC 2026","passed","Wed May 13 19:26:04 UTC 2026","","","",""
"Test cases for FuzzFoldl","1","FuzzFoldl","","Wed May 13 19:21:15 UTC 2026","passed","Wed May 13 19:21:15 UTC 2026","","Go Test","github.com/specterops/bloodhound/packages/go/slicesext/FuzzFoldl","FuzzFoldl"
"","196","handles close event","ImportQueryDialog","Wed May 13 19:26:28 UTC 2026","passed","Wed May 13 19:26:28 UTC 2026","","","",""
"Test cases for TestErrorReadDomainSIDandNameAsString","0","TestErrorReadDomainSIDandNameAsString","","Wed May 13 19:21:12 UTC 2026","passed","Wed May 13 19:21:12 UTC 2026","","Go Test","github.com/specterops/bloodhound/packages/go/analysis/ad/internal/nodeprops/TestErrorReadDomainSIDandNameAsString","TestErrorReadDomainSIDandNameAsString"
"Test cases for TestNewAuditLog","3","TestNewAuditLog","","Wed May 13 19:20:59 UTC 2026","passed","Wed May 13 19:20:59 UTC 2026","","Go Test","github.com/specterops/bloodhound/cmd/api/src/database/TestNewAuditLog","TestNewAuditLog"
"Test cases for TestResources_DeleteAssetGroup","0","TestResources_DeleteAssetGroup","","Wed May 13 19:20:56 UTC 2026","passed","Wed May 13 19:20:56 UTC 2026","","Go Test","github.com/specterops/bloodhound/cmd/api/src/api/v2/TestResources_DeleteAssetGroup","TestResources_DeleteAssetGroup"
"Test cases for TestResources_DeleteSavedQuery_RecordNotFound_EdgeCase","0","TestResources_DeleteSavedQuery_RecordNotFound_EdgeCase","","Wed May 13 19:20:56 UTC 2026","passed","Wed May 13 19:20:56 UTC 2026","","Go Test","github.com/specterops/bloodhound/cmd/api/src/api/v2/TestResources_DeleteSavedQuery_RecordNotFound_EdgeCase","TestResources_DeleteSavedQuery_RecordNotFound_EdgeCase"
"","1","reports when API error response has errors array","handleError","Wed May 13 19:23:01 UTC 2026","passed","Wed May 13 19:23:01 UTC 2026","","","",""
"Test cases for TestResources_CreateAssetGroup","0","TestResources_CreateAssetGroup","","Wed May 13 19:20:56 UTC 2026","passed","Wed May 13 19:20:56 UTC 2026","","Go Test","github.com/specterops/bloodhound/cmd/api/src/api/v2/TestResources_CreateAssetGroup","TestResources_CreateAssetGroup"
"Test cases for TestSetFontIcon","0","TestSetFontIcon","","Wed May 13 19:20:45 UTC 2026","passed","Wed May 13 19:20:45 UTC 2026","","Go Test","github.com/specterops/bloodhound/cmd/api/src/api/bloodhoundgraph/TestSetFontIcon","TestSetFontIcon"
"Test cases for TestManagementResource_UpdateUser_ETAC","1720","TestManagementResource_UpdateUser_ETAC","","Wed May 13 19:21:21 UTC 2026","passed","Wed May 13 19:21:23 UTC 2026","","Go Test","github.com/specterops/bloodhound/cmd/api/src/api/v2/auth/TestManagementResource_UpdateUser_ETAC","TestManagementResource_UpdateUser_ETAC"
"TestCacheEntryDigester_DigestEndpoint_MatchByProperty tests the sorting and hashinglogic when MatchBy is set to MatchByProperty.","1","TestCacheEntryDigester_DigestEndpoint_MatchByProperty","","Wed May 13 19:21:03 UTC 2026","passed","Wed May 13 19:21:03 UTC 2026","","Go Test","github.com/specterops/bloodhound/cmd/api/src/services/graphify/endpoint/TestCacheEntryDigester_DigestEndpoint_MatchByProperty","TestCacheEntryDigester_DigestEndpoint_MatchByProperty"
"","24","renders nothing if flag is disabled and disabled prop is not provided","FeatureFlag","Wed May 13 19:25:31 UTC 2026","passed","Wed May 13 19:25:32 UTC 2026","","","",""
"Test cases for TestUnmarshalInt64OverflowToInt64","0","TestUnmarshalInt64OverflowToInt64","","Wed May 13 19:20:59 UTC 2026","passed","Wed May 13 19:20:59 UTC 2026","","Go Test","github.com/specterops/bloodhound/cmd/api/src/database/types/null/TestUnmarshalInt64OverflowToInt64","TestUnmarshalInt64OverflowToInt64"
"","352","calls openSAMLProviderDialog when SAML Provider menu item is clicked","CreateMenu","Wed May 13 19:23:31 UTC 2026","passed","Wed May 13 19:23:31 UTC 2026","","oidc_support feature flag enabled","",""
"","15","renders nothing if flag is enabled and enabled prop is not provided","FeatureFlag","Wed May 13 19:25:31 UTC 2026","passed","Wed May 13 19:25:31 UTC 2026","","","",""
"","1910","""Columns"" button allows user to edit column settings","ExploreTable","Wed May 13 19:21:41 UTC 2026","passed","Wed May 13 19:21:42 UTC 2026","","","",""
"Test cases for TestContextMiddlewareBypassEnabled","0","TestContextMiddlewareBypassEnabled","","Wed May 13 19:20:49 UTC 2026","passed","Wed May 13 19:20:49 UTC 2026","","Go Test","github.com/specterops/bloodhound/cmd/api/src/api/middleware/TestContextMiddlewareBypassEnabled","TestContextMiddlewareBypassEnabled"
"Test cases for Test_UseFixture","0","Test_UseFixture","","Wed May 13 19:21:14 UTC 2026","passed","Wed May 13 19:21:14 UTC 2026","","Go Test","github.com/specterops/bloodhound/packages/go/lab/Test_UseFixture","Test_UseFixture"
"Test cases for TestResources_PatchDomain","0","TestResources_PatchDomain","","Wed May 13 19:20:56 UTC 2026","passed","Wed May 13 19:20:56 UTC 2026","","Go Test","github.com/specterops/bloodhound/cmd/api/src/api/v2/TestResources_PatchDomain","TestResources_PatchDomain"
"","0","filters by multiple platforms","filterAndSearchEnvironments","Wed May 13 19:22:00 UTC 2026","passed","Wed May 13 19:22:00 UTC 2026","","platform filters","",""
"","95","renders a list of pre-built searches","PrebuiltSearchList","Wed May 13 19:24:31 UTC 2026","passed","Wed May 13 19:24:31 UTC 2026","","","",""
"","620","calls the passed in cancel handler when clicking the Cancel button","Glyph Select Dialog","Wed May 13 19:26:11 UTC 2026","passed","Wed May 13 19:26:11 UTC 2026","","","",""
"","2","stores a number value in localStorage","useLocalStorage","Wed May 13 19:23:48 UTC 2026","passed","Wed May 13 19:23:48 UTC 2026","","setValue","",""
"Test cases for TestBuildSQLFilter","3","TestBuildSQLFilter","","Wed May 13 19:20:59 UTC 2026","passed","Wed May 13 19:20:59 UTC 2026","","Go Test","github.com/specterops/bloodhound/cmd/api/src/model/TestBuildSQLFilter","TestBuildSQLFilter"
"Test cases for TestParseClientVersion","0","TestParseClientVersion","","Wed May 13 19:21:08 UTC 2026","passed","Wed May 13 19:21:08 UTC 2026","","Go Test","github.com/specterops/bloodhound/cmd/api/src/utils/TestParseClientVersion","TestParseClientVersion"
"Test cases for TestResources_ListADOUContainedGroups","4","TestResources_ListADOUContainedGroups","","Wed May 13 19:20:56 UTC 2026","passed","Wed May 13 19:20:56 UTC 2026","","Go Test","github.com/specterops/bloodhound/cmd/api/src/api/v2/TestResources_ListADOUContainedGroups","TestResources_ListADOUContainedGroups"
"","212","passes item props to Header and Content","<DetailsAccordion />","Wed May 13 19:23:17 UTC 2026","passed","Wed May 13 19:23:17 UTC 2026","","","",""
"Test cases for TestStringFromPtr","0","TestStringFromPtr","","Wed May 13 19:20:59 UTC 2026","passed","Wed May 13 19:20:59 UTC 2026","","Go Test","github.com/specterops/bloodhound/cmd/api/src/database/types/null/TestStringFromPtr","TestStringFromPtr"
"Test cases for TestHandleDatabaseErrorNotFound","0","TestHandleDatabaseErrorNotFound","","Wed May 13 19:20:45 UTC 2026","passed","Wed May 13 19:20:45 UTC 2026","","Go Test","github.com/specterops/bloodhound/cmd/api/src/api/TestHandleDatabaseErrorNotFound","TestHandleDatabaseErrorNotFound"
"Test cases for TestWriteTimeWindowedResponse","0","TestWriteTimeWindowedResponse","","Wed May 13 19:20:45 UTC 2026","passed","Wed May 13 19:20:45 UTC 2026","","Go Test","github.com/specterops/bloodhound/cmd/api/src/api/TestWriteTimeWindowedResponse","TestWriteTimeWindowedResponse"
"Test cases for TestResources_ListAuditLogs_SkipAndOffset","1","TestResources_ListAuditLogs_SkipAndOffset","","Wed May 13 19:20:56 UTC 2026","passed","Wed May 13 19:20:56 UTC 2026","","Go Test","github.com/specterops/bloodhound/cmd/api/src/api/v2/TestResources_ListAuditLogs_SkipAndOffset","TestResources_ListAuditLogs_SkipAndOffset"
"Test cases for TestIngestJobs_IsSortable","0","TestIngestJobs_IsSortable","","Wed May 13 19:20:59 UTC 2026","passed","Wed May 13 19:20:59 UTC 2026","","Go Test","github.com/specterops/bloodhound/cmd/api/src/model/TestIngestJobs_IsSortable","TestIngestJobs_IsSortable"
"","65","when session token or user are null, redirects to /login","AuthenticatedRoute","Wed May 13 19:27:32 UTC 2026","passed","Wed May 13 19:27:32 UTC 2026","","","",""
"","2","receives the current stored value as the previous state","useLocalStorage","Wed May 13 19:23:48 UTC 2026","passed","Wed May 13 19:23:48 UTC 2026","","functional updater","",""
"","25","returns initialValue when the key is absent from localStorage","useLocalStorage","Wed May 13 19:23:48 UTC 2026","passed","Wed May 13 19:23:48 UTC 2026","","initial value","",""
"","0","should exclude tags and operations that do not match the term","opsFilter","Wed May 13 19:25:34 UTC 2026","passed","Wed May 13 19:25:34 UTC 2026","","","",""
"Test that the digester handles empty property lists gracefully","0","TestCacheEntryDigester_EmptyMatchers","","Wed May 13 19:21:03 UTC 2026","passed","Wed May 13 19:21:03 UTC 2026","","Go Test","github.com/specterops/bloodhound/cmd/api/src/services/graphify/endpoint/TestCacheEntryDigester_EmptyMatchers","TestCacheEntryDigester_EmptyMatchers"
"","0","should handle an entity that has an empty name property","Evaluating the entity display name from a given entity","Wed May 13 19:23:24 UTC 2026","passed","Wed May 13 19:23:24 UTC 2026","","","",""
"Test cases for TestResources_GetAZRelatedEntities","91","TestResources_GetAZRelatedEntities","","Wed May 13 19:20:56 UTC 2026","passed","Wed May 13 19:20:56 UTC 2026","","Go Test","github.com/specterops/bloodhound/cmd/api/src/api/v2/TestResources_GetAZRelatedEntities","TestResources_GetAZRelatedEntities"
"","384","filters by the selected user","FileIngestFilterDialog","Wed May 13 19:23:07 UTC 2026","passed","Wed May 13 19:23:08 UTC 2026","","User Select","",""
"Test cases for TestResources_ShareSavedQueriesPermissions_Admin","0","TestResources_ShareSavedQueriesPermissions_Admin","","Wed May 13 19:20:56 UTC 2026","passed","Wed May 13 19:20:56 UTC 2026","","Go Test","github.com/specterops/bloodhound/cmd/api/src/api/v2/TestResources_ShareSavedQueriesPermissions_Admin","TestResources_ShareSavedQueriesPermissions_Admin"
"Test cases for TestDomainSelectors_GetValidFilterPredicatesAsStrings","0","TestDomainSelectors_GetValidFilterPredicatesAsStrings","","Wed May 13 19:20:59 UTC 2026","passed","Wed May 13 19:20:59 UTC 2026","","Go Test","github.com/specterops/bloodhound/cmd/api/src/model/TestDomainSelectors_GetValidFilterPredicatesAsStrings","TestDomainSelectors_GetValidFilterPredicatesAsStrings"
"Test cases for TestMarshalBoolText","0","TestMarshalBoolText","","Wed May 13 19:20:59 UTC 2026","passed","Wed May 13 19:20:59 UTC 2026","","Go Test","github.com/specterops/bloodhound/cmd/api/src/database/types/null/TestMarshalBoolText","TestMarshalBoolText"
"","318","shows a loading state","AssetGroupMenuItem","Wed May 13 19:23:25 UTC 2026","passed","Wed May 13 19:23:25 UTC 2026","","","",""
"","0","returns paramValue as EnvironmentAggregation if paramValue is azure","useEnvironmentParams","Wed May 13 19:26:34 UTC 2026","passed","Wed May 13 19:26:34 UTC 2026","","parseEnvironmentAggregation","",""
"","412","should accept passwords with unicode punctuation characters","CreateUserForm","Wed May 13 19:22:18 UTC 2026","passed","Wed May 13 19:22:19 UTC 2026","","","",""
"","0","fails for empty password","testPassword","Wed May 13 19:26:34 UTC 2026","passed","Wed May 13 19:26:34 UTC 2026","","","",""
"Test cases for Test_filterAndFormatSearchResults_includeOpenGraphNodes","1","Test_filterAndFormatSearchResults_includeOpenGraphNodes","","Wed May 13 19:20:56 UTC 2026","passed","Wed May 13 19:20:56 UTC 2026","","Go Test","github.com/specterops/bloodhound/cmd/api/src/api/v2/Test_filterAndFormatSearchResults_includeOpenGraphNodes","Test_filterAndFormatSearchResults_includeOpenGraphNodes"
"Test cases for TestSavedQueries_GetValidFilterPredicatesAsStrings","0","TestSavedQueries_GetValidFilterPredicatesAsStrings","","Wed May 13 19:20:59 UTC 2026","passed","Wed May 13 19:20:59 UTC 2026","","Go Test","github.com/specterops/bloodhound/cmd/api/src/model/TestSavedQueries_GetValidFilterPredicatesAsStrings","TestSavedQueries_GetValidFilterPredicatesAsStrings"
"","0","reports a Cypher-specific error when ruleType is SeedTypeCypher and seeds are required","handleError","Wed May 13 19:23:01 UTC 2026","passed","Wed May 13 19:23:01 UTC 2026","","","",""
"Test cases for TestTextUnmarshalInt","0","TestTextUnmarshalInt","","Wed May 13 19:20:59 UTC 2026","passed","Wed May 13 19:20:59 UTC 2026","","Go Test","github.com/specterops/bloodhound/cmd/api/src/database/types/null/TestTextUnmarshalInt","TestTextUnmarshalInt"
"Test cases for TestResources_ListADGPOAffectedContainers","1","TestResources_ListADGPOAffectedContainers","","Wed May 13 19:20:56 UTC 2026","passed","Wed May 13 19:20:56 UTC 2026","","Go Test","github.com/specterops/bloodhound/cmd/api/src/api/v2/TestResources_ListADGPOAffectedContainers","TestResources_ListADGPOAffectedContainers"
"Test cases for TestFormatDatabaseErrorNotFound","0","TestFormatDatabaseErrorNotFound","","Wed May 13 19:20:45 UTC 2026","passed","Wed May 13 19:20:45 UTC 2026","","Go Test","github.com/specterops/bloodhound/cmd/api/src/api/TestFormatDatabaseErrorNotFound","TestFormatDatabaseErrorNotFound"
"Test cases for Test_ValidateGraph","15","Test_ValidateGraph","","Wed May 13 19:21:05 UTC 2026","passed","Wed May 13 19:21:05 UTC 2026","","Go Test","github.com/specterops/bloodhound/cmd/api/src/services/upload/Test_ValidateGraph","Test_ValidateGraph"
"Test cases for TestNewSIDSuffix","0","TestNewSIDSuffix","","Wed May 13 19:21:12 UTC 2026","passed","Wed May 13 19:21:12 UTC 2026","","Go Test","github.com/specterops/bloodhound/packages/go/analysis/ad/wellknown/TestNewSIDSuffix","TestNewSIDSuffix"
"","392","toggles sort order when clicking sortable header","ObjectsAccordion","Wed May 13 19:25:38 UTC 2026","passed","Wed May 13 19:25:38 UTC 2026","","","",""
"","229","should not render list items for domains that are not collected","Context Selector","Wed May 13 19:23:42 UTC 2026","passed","Wed May 13 19:23:42 UTC 2026","","","",""
"","366","Selecting an edge with a Computer target node that haslaps is enabled shows correct Windows Abuse text","EdgeInfoContent","Wed May 13 19:22:05 UTC 2026","passed","Wed May 13 19:22:05 UTC 2026","","","",""
"Test cases for Test_TopLevel","0","Test_TopLevel","","Wed May 13 19:21:14 UTC 2026","passed","Wed May 13 19:21:14 UTC 2026","","Go Test","github.com/specterops/bloodhound/packages/go/schemagen/csgen/Test_TopLevel","Test_TopLevel"
"","98","allows a consumer to swap the values of the two inputs and update the query params accordingly","usePathfindingSearch","Wed May 13 19:24:09 UTC 2026","passed","Wed May 13 19:24:09 UTC 2026","","","",""
"Test cases for TestLoginExpiry","0","TestLoginExpiry","","Wed May 13 19:21:31 UTC 2026","passed","Wed May 13 19:21:31 UTC 2026","","Go Test","github.com/specterops/bloodhound/cmd/api/src/api/v2/auth/TestLoginExpiry","TestLoginExpiry"
"","142","fires editQuery in context provider","ListItemActionMenu","Wed May 13 19:25:06 UTC 2026","passed","Wed May 13 19:25:06 UTC 2026","","","",""
"","602","should display Environmental Targeted Access Control panel when showEnvironmentAccessControls prop is true and user role is selected","UpdateUserForm","Wed May 13 19:21:56 UTC 2026","passed","Wed May 13 19:21:56 UTC 2026","","","",""
"Test cases for TestManagementResource_UpdateUser_GetRolesError","1356","TestManagementResource_UpdateUser_GetRolesError","","Wed May 13 19:21:13 UTC 2026","passed","Wed May 13 19:21:14 UTC 2026","","Go Test","github.com/specterops/bloodhound/cmd/api/src/api/v2/auth/TestManagementResource_UpdateUser_GetRolesError","TestManagementResource_UpdateUser_GetRolesError"
"Test cases for TestManagementResource_SAMLLoginRedirect","6","TestManagementResource_SAMLLoginRedirect","","Wed May 13 19:21:31 UTC 2026","passed","Wed May 13 19:21:31 UTC 2026","","Go Test","github.com/specterops/bloodhound/cmd/api/src/api/v2/auth/TestManagementResource_SAMLLoginRedirect","TestManagementResource_SAMLLoginRedirect"
"","153","displays appropriate text when there are no matches for search term","SearchCurrentNodes","Wed May 13 19:24:42 UTC 2026","passed","Wed May 13 19:24:42 UTC 2026","","","",""
"Test cases for TestManagementResource_DeleteOIDCProvider","1","TestManagementResource_DeleteOIDCProvider","","Wed May 13 19:21:31 UTC 2026","passed","Wed May 13 19:21:31 UTC 2026","","Go Test","github.com/specterops/bloodhound/cmd/api/src/api/v2/auth/TestManagementResource_DeleteOIDCProvider","TestManagementResource_DeleteOIDCProvider"
"","107","renders a single item when items is an object","<DetailsAccordion />","Wed May 13 19:23:17 UTC 2026","passed","Wed May 13 19:23:17 UTC 2026","","","",""
"","9","does not request finished jobs if lacking permission","useFinishedJobs","Wed May 13 19:24:03 UTC 2026","passed","Wed May 13 19:24:03 UTC 2026","","","",""
"Test cases for TestResources_UpdateSavedQuery_UpdateFailed","0","TestResources_UpdateSavedQuery_UpdateFailed","","Wed May 13 19:20:56 UTC 2026","passed","Wed May 13 19:20:56 UTC 2026","","Go Test","github.com/specterops/bloodhound/cmd/api/src/api/v2/TestResources_UpdateSavedQuery_UpdateFailed","TestResources_UpdateSavedQuery_UpdateFailed"
"Test cases for TestSignRequestValuesUnsupportedHMACMethod","0","TestSignRequestValuesUnsupportedHMACMethod","","Wed May 13 19:20:45 UTC 2026","passed","Wed May 13 19:20:45 UTC 2026","","Go Test","github.com/specterops/bloodhound/cmd/api/src/api/TestSignRequestValuesUnsupportedHMACMethod","TestSignRequestValuesUnsupportedHMACMethod"
"","5","removes multiple keys from state","useObjectState","Wed May 13 19:25:51 UTC 2026","passed","Wed May 13 19:25:51 UTC 2026","","","",""
"","1","should return the edge parts from the key","getEdgeDataFromKey","Wed May 13 19:27:42 UTC 2026","passed","Wed May 13 19:27:42 UTC 2026","","","",""
"","230","shows ""Clear All"" when all columns are selected","ManageColumnsComboBox","Wed May 13 19:23:19 UTC 2026","passed","Wed May 13 19:23:19 UTC 2026","","","",""
"Test cases for TestDatabase_checkError_NotFound","0","TestDatabase_checkError_NotFound","","Wed May 13 19:20:59 UTC 2026","passed","Wed May 13 19:20:59 UTC 2026","","Go Test","github.com/specterops/bloodhound/cmd/api/src/database/TestDatabase_checkError_NotFound","TestDatabase_checkError_NotFound"
"Test cases for TestResources_DeleteSavedQuery_PublicQueryAndUserIsAdmin","0","TestResources_DeleteSavedQuery_PublicQueryAndUserIsAdmin","","Wed May 13 19:20:56 UTC 2026","passed","Wed May 13 19:20:56 UTC 2026","","Go Test","github.com/specterops/bloodhound/cmd/api/src/api/v2/TestResources_DeleteSavedQuery_PublicQueryAndUserIsAdmin","TestResources_DeleteSavedQuery_PublicQueryAndUserIsAdmin"
"Test cases for TestMatches_FailureErrMsg","0","TestMatches_FailureErrMsg","","Wed May 13 19:20:59 UTC 2026","passed","Wed May 13 19:20:59 UTC 2026","","Go Test","github.com/specterops/bloodhound/cmd/api/src/model/TestMatches_FailureErrMsg","TestMatches_FailureErrMsg"
"Test cases for TestIsValidContentTypeForUpload","2","TestIsValidContentTypeForUpload","","Wed May 13 19:20:56 UTC 2026","passed","Wed May 13 19:20:56 UTC 2026","","Go Test","github.com/specterops/bloodhound/cmd/api/src/api/v2/TestIsValidContentTypeForUpload","TestIsValidContentTypeForUpload"
"Test cases for TestManagementResource_DeleteUser_UserCannotSelfDelete","656","TestManagementResource_DeleteUser_UserCannotSelfDelete","","Wed May 13 19:21:18 UTC 2026","passed","Wed May 13 19:21:19 UTC 2026","","Go Test","github.com/specterops/bloodhound/cmd/api/src/api/v2/auth/TestManagementResource_DeleteUser_UserCannotSelfDelete","TestManagementResource_DeleteUser_UserCannotSelfDelete"
"Test cases for TestWriteErrorResponse_V2","0","TestWriteErrorResponse_V2","","Wed May 13 19:20:45 UTC 2026","passed","Wed May 13 19:20:45 UTC 2026","","Go Test","github.com/specterops/bloodhound/cmd/api/src/api/TestWriteErrorResponse_V2","TestWriteErrorResponse_V2"
"","48","should display an error message if data does not return from the API","Context Selector Error","Wed May 13 19:23:42 UTC 2026","passed","Wed May 13 19:23:42 UTC 2026","","","",""
"Test cases for TestResources_ListEdgeTypes","62","TestResources_ListEdgeTypes","","Wed May 13 19:20:56 UTC 2026","passed","Wed May 13 19:20:56 UTC 2026","","Go Test","github.com/specterops/bloodhound/cmd/api/src/api/v2/TestResources_ListEdgeTypes","TestResources_ListEdgeTypes"
"","1315","when user performs a pathfinding search, the selection for the start node is carried over to the `search` tab","ExploreSearch interaction","Wed May 13 19:27:07 UTC 2026","passed","Wed May 13 19:27:08 UTC 2026","","","",""
"","69","should display the ""Authentication"" header","UserProfile","Wed May 13 19:23:42 UTC 2026","passed","Wed May 13 19:23:42 UTC 2026","","","",""
"Test cases for TestResources_ListADDomainContainedOUs","1","TestResources_ListADDomainContainedOUs","","Wed May 13 19:20:56 UTC 2026","passed","Wed May 13 19:20:56 UTC 2026","","Go Test","github.com/specterops/bloodhound/cmd/api/src/api/v2/TestResources_ListADDomainContainedOUs","TestResources_ListADDomainContainedOUs"
"","22","renders disabled prop when flag is not enabled","FeatureFlag","Wed May 13 19:25:31 UTC 2026","passed","Wed May 13 19:25:31 UTC 2026","","","",""
"Test cases for TestResources_GetSavedQuery","31","TestResources_GetSavedQuery","","Wed May 13 19:20:56 UTC 2026","passed","Wed May 13 19:20:56 UTC 2026","","Go Test","github.com/specterops/bloodhound/cmd/api/src/api/v2/TestResources_GetSavedQuery","TestResources_GetSavedQuery"
"Test cases for TestGenericClone","0","TestGenericClone","","Wed May 13 19:21:08 UTC 2026","passed","Wed May 13 19:21:08 UTC 2026","","Go Test","github.com/specterops/bloodhound/cmd/api/src/utils/TestGenericClone","TestGenericClone"
"Test cases for TestGetPlatformAggregateStats_Success","1","TestGetPlatformAggregateStats_Success","","Wed May 13 19:20:56 UTC 2026","passed","Wed May 13 19:20:56 UTC 2026","","Go Test","github.com/specterops/bloodhound/cmd/api/src/api/v2/TestGetPlatformAggregateStats_Success","TestGetPlatformAggregateStats_Success"
"","373","should call onClose when cancel button is clicked","SaveQueryDialog","Wed May 13 19:21:48 UTC 2026","passed","Wed May 13 19:21:48 UTC 2026","","","",""
"","16","allows you to cancel filter updates before applying them to the url and reset to the default filter state","usePathfindingFilters","Wed May 13 19:26:00 UTC 2026","passed","Wed May 13 19:26:00 UTC 2026","","","",""
"","100","calls onClick when toggle button clicked","EarlyAccessFeatureToggle","Wed May 13 19:27:36 UTC 2026","passed","Wed May 13 19:27:36 UTC 2026","","","",""
"","60","when there is no ID in the URL the highest position tag ID is returned","usePZQueryParams","Wed May 13 19:24:46 UTC 2026","passed","Wed May 13 19:24:46 UTC 2026","","","",""
"Test cases for TestResources_GetCollectorManifest","0","TestResources_GetCollectorManifest","","Wed May 13 19:20:56 UTC 2026","passed","Wed May 13 19:20:56 UTC 2026","","Go Test","github.com/specterops/bloodhound/cmd/api/src/api/v2/TestResources_GetCollectorManifest","TestResources_GetCollectorManifest"
"Test cases for TestVersion_GreaterThan","0","TestVersion_GreaterThan","","Wed May 13 19:21:09 UTC 2026","passed","Wed May 13 19:21:09 UTC 2026","","Go Test","github.com/specterops/bloodhound/cmd/api/src/version/TestVersion_GreaterThan","TestVersion_GreaterThan"
"","57","renders Tier Zero text by default when no Zone Selector is available and on a Zone page","TagSelector","Wed May 13 19:24:50 UTC 2026","passed","Wed May 13 19:24:50 UTC 2026","","","",""
"","154","Should display headers for member name and count","AssetGroupMemberList","Wed May 13 19:25:50 UTC 2026","passed","Wed May 13 19:25:51 UTC 2026","","","",""
"","15","sets autoDisplayTable to false if query type is pathfinding","useExploreTableAutoDisplay","Wed May 13 19:25:35 UTC 2026","passed","Wed May 13 19:25:35 UTC 2026","","","",""
"","55","renders three animated dots","ProcessingIndicator","Wed May 13 19:26:37 UTC 2026","passed","Wed May 13 19:26:37 UTC 2026","","","",""
"","1271","sets input text on date click","ManagedDatePicker - date validation","Wed May 13 19:24:21 UTC 2026","passed","Wed May 13 19:24:23 UTC 2026","","","",""
"","5","should render when search string is not found in the text","HighlightedText","Wed May 13 19:25:50 UTC 2026","passed","Wed May 13 19:25:50 UTC 2026","","","",""
"Test cases for TestResources_ListADGroupSessions","5","TestResources_ListADGroupSessions","","Wed May 13 19:20:56 UTC 2026","passed","Wed May 13 19:20:56 UTC 2026","","Go Test","github.com/specterops/bloodhound/cmd/api/src/api/v2/TestResources_ListADGroupSessions","TestResources_ListADGroupSessions"
"","285","toggles parent from all to none","GraphDataCheckboxes","Wed May 13 19:22:48 UTC 2026","passed","Wed May 13 19:22:48 UTC 2026","","","",""
"Test cases for TestResources_SearchAssetGroupTagHistory","99","TestResources_SearchAssetGroupTagHistory","","Wed May 13 19:20:56 UTC 2026","passed","Wed May 13 19:20:56 UTC 2026","","Go Test","github.com/specterops/bloodhound/cmd/api/src/api/v2/TestResources_SearchAssetGroupTagHistory","TestResources_SearchAssetGroupTagHistory"
"","237","Selecting an edge with a Computer target node that does not have haslaps enabled shows correct Windows Abuse text","EdgeInfoContent","Wed May 13 19:22:05 UTC 2026","passed","Wed May 13 19:22:06 UTC 2026","","","",""
"","656","disables the confirm button until user types required text","Tag Form","Wed May 13 19:21:49 UTC 2026","passed","Wed May 13 19:21:49 UTC 2026","","","",""
"","283","Trying to view the edge info does not crash the app when selecting an unrecognized edge","EdgeInfoContent","Wed May 13 19:22:05 UTC 2026","passed","Wed May 13 19:22:05 UTC 2026","","","",""
"","0","returns all environments when both ""yes"" and ""no"" filters are active","filterAndSearchEnvironments","Wed May 13 19:22:00 UTC 2026","passed","Wed May 13 19:22:00 UTC 2026","","collected filters","",""
"Test cases for TestEndNodes","0","TestEndNodes","","Wed May 13 19:21:12 UTC 2026","passed","Wed May 13 19:21:12 UTC 2026","","Go Test","github.com/specterops/bloodhound/packages/go/analysis/azure/TestEndNodes","TestEndNodes"
"","475","sets exploreSearchTab param to node when the user clicks the `Search` tab","ExploreSearch sets searchType on tab changing","Wed May 13 19:27:04 UTC 2026","passed","Wed May 13 19:27:05 UTC 2026","","","",""
"Test cases for TestQueries_BuildEntityQueryParams_InvalidLimit","0","TestQueries_BuildEntityQueryParams_InvalidLimit","","Wed May 13 19:21:02 UTC 2026","passed","Wed May 13 19:21:02 UTC 2026","","Go Test","github.com/specterops/bloodhound/cmd/api/src/queries/TestQueries_BuildEntityQueryParams_InvalidLimit","TestQueries_BuildEntityQueryParams_InvalidLimit"
"","399","should not allow leading or trailing empty spaces","CreateUserForm","Wed May 13 19:22:15 UTC 2026","passed","Wed May 13 19:22:16 UTC 2026","","","",""
"","57","Should display a list of the asset group members","AssetGroupMemberList","Wed May 13 19:25:51 UTC 2026","passed","Wed May 13 19:25:51 UTC 2026","","","",""
"Test cases for TestDisenrollMFA_Failure","0","TestDisenrollMFA_Failure","","Wed May 13 19:21:25 UTC 2026","passed","Wed May 13 19:21:25 UTC 2026","","Go Test","github.com/specterops/bloodhound/cmd/api/src/api/v2/auth/TestDisenrollMFA_Failure","TestDisenrollMFA_Failure"
"","20","should redirect to nested /file-ingest route if user navigates to an invalid route","Administration","Wed May 13 19:27:40 UTC 2026","passed","Wed May 13 19:27:40 UTC 2026","","","",""
"Test cases for TestParseLimitQueryParameter","0","TestParseLimitQueryParameter","","Wed May 13 19:20:56 UTC 2026","passed","Wed May 13 19:20:56 UTC 2026","","Go Test","github.com/specterops/bloodhound/cmd/api/src/api/v2/TestParseLimitQueryParameter","TestParseLimitQueryParameter"
"","0","escapes a single quote","escapeCypherString","Wed May 13 19:26:28 UTC 2026","passed","Wed May 13 19:26:28 UTC 2026","","","",""
"","1149","a cypher search 404 does not render the GraphViewErrorAlert","GraphView","Wed May 13 19:27:19 UTC 2026","passed","Wed May 13 19:27:20 UTC 2026","","","",""
"","67","renders a dash when actor is BloodHoundString","NoteCell component","Wed May 13 19:25:15 UTC 2026","passed","Wed May 13 19:25:15 UTC 2026","","","",""
"","207","handles adding to non-tier-zero asset group","AssetGroupMenuItem","Wed May 13 19:27:03 UTC 2026","passed","Wed May 13 19:27:04 UTC 2026","","adding to an asset group","",""
"","45","upon selecting just a destination node, updates the URL with a searchType of 'node' and secondarySearch of the node's objectid","usePathfindingSearch","Wed May 13 19:24:09 UTC 2026","passed","Wed May 13 19:24:09 UTC 2026","","","",""
"","9","should not render a Field when the provided value is """"","Field","Wed May 13 19:26:04 UTC 2026","passed","Wed May 13 19:26:04 UTC 2026","","","",""
"","0","reports an Object ID-specific error when creating a rule and ruleType is SeedTypeObjectId and seeds are required","handleError","Wed May 13 19:23:01 UTC 2026","passed","Wed May 13 19:23:01 UTC 2026","","","",""
"","2","returns true when WebGL is available in the current browser context","WebGL compatibility check","Wed May 13 19:26:42 UTC 2026","passed","Wed May 13 19:26:42 UTC 2026","","","",""
"","206","toggles sort order when clicking sortable header","RulesAccordion","Wed May 13 19:24:37 UTC 2026","passed","Wed May 13 19:24:37 UTC 2026","","","",""
"Test cases for Test_filterAndFormatSearchResults_filterEnvironments_tenantIDFail","0","Test_filterAndFormatSearchResults_filterEnvironments_tenantIDFail","","Wed May 13 19:20:56 UTC 2026","passed","Wed May 13 19:20:56 UTC 2026","","Go Test","github.com/specterops/bloodhound/cmd/api/src/api/v2/Test_filterAndFormatSearchResults_filterEnvironments_tenantIDFail","Test_filterAndFormatSearchResults_filterEnvironments_tenantIDFail"
"Test cases for TestWriteResultJson","0","TestWriteResultJson","","Wed May 13 19:21:08 UTC 2026","passed","Wed May 13 19:21:08 UTC 2026","","Go Test","github.com/specterops/bloodhound/cmd/api/src/utils/TestWriteResultJson","TestWriteResultJson"
"Test cases for TestArgon2_ParseDigest","0","TestArgon2_ParseDigest","","Wed May 13 19:21:13 UTC 2026","passed","Wed May 13 19:21:13 UTC 2026","","Go Test","github.com/specterops/bloodhound/packages/go/crypto/TestArgon2_ParseDigest","TestArgon2_ParseDigest"
"Test cases for TestResources_ListAuditLogs_InvalidSkip","0","TestResources_ListAuditLogs_InvalidSkip","","Wed May 13 19:20:56 UTC 2026","passed","Wed May 13 19:20:56 UTC 2026","","Go Test","github.com/specterops/bloodhound/cmd/api/src/api/v2/TestResources_ListAuditLogs_InvalidSkip","TestResources_ListAuditLogs_InvalidSkip"
"","144","renders enabled Zone tab and disabled Rule and Object tabs","Selected Details Tabs","Wed May 13 19:23:55 UTC 2026","passed","Wed May 13 19:23:55 UTC 2026","","Selected Details Tabs - Params present","",""
"","58","upon selecting a source and destination node, updates the URL with a searchType of 'pathfinding' and the object ids for the source and destination nodes","usePathfindingSearch","Wed May 13 19:24:09 UTC 2026","passed","Wed May 13 19:24:09 UTC 2026","","","",""
"Test cases for TestCacheEntryDigester_DigestEndpoint_DefaultObjectID","0","TestCacheEntryDigester_DigestEndpoint_DefaultObjectID","","Wed May 13 19:21:03 UTC 2026","passed","Wed May 13 19:21:03 UTC 2026","","Go Test","github.com/specterops/bloodhound/cmd/api/src/services/graphify/endpoint/TestCacheEntryDigester_DigestEndpoint_DefaultObjectID","TestCacheEntryDigester_DigestEndpoint_DefaultObjectID"
"","0","should handle an undefined or null entity","Evaluating the entity display name from a given entity","Wed May 13 19:23:24 UTC 2026","passed","Wed May 13 19:23:24 UTC 2026","","","",""
"","444","displays default text for domain selector when globalDomain is null","GroupManagement","Wed May 13 19:27:25 UTC 2026","passed","Wed May 13 19:27:25 UTC 2026","","","",""
"","361","AZRole information panel will not display a section for PIM Assignments","EntityInfoContent","Wed May 13 19:24:22 UTC 2026","passed","Wed May 13 19:24:22 UTC 2026","","","",""
"","468","accepts a valid file and allows the user to continue through the upload process","File Upload","Wed May 13 19:24:07 UTC 2026","passed","Wed May 13 19:24:07 UTC 2026","","","",""
"Test cases for TestResources_CreateSavedQuery_CreateFailure","0","TestResources_CreateSavedQuery_CreateFailure","","Wed May 13 19:20:56 UTC 2026","passed","Wed May 13 19:20:56 UTC 2026","","Go Test","github.com/specterops/bloodhound/cmd/api/src/api/v2/TestResources_CreateSavedQuery_CreateFailure","TestResources_CreateSavedQuery_CreateFailure"
"Test cases for TestParseAGMembersFromNodes_MissingNodeProperties","0","TestParseAGMembersFromNodes_MissingNodeProperties","","Wed May 13 19:20:56 UTC 2026","passed","Wed May 13 19:20:56 UTC 2026","","Go Test","github.com/specterops/bloodhound/cmd/api/src/api/v2/TestParseAGMembersFromNodes_MissingNodeProperties","TestParseAGMembersFromNodes_MissingNodeProperties"
"","402","should display ""Configure Multi-Factor Authentication"" title","Enable2FADialog","Wed May 13 19:24:28 UTC 2026","passed","Wed May 13 19:24:28 UTC 2026","","","",""
"Test cases for TestTimeExactEqual","0","TestTimeExactEqual","","Wed May 13 19:20:59 UTC 2026","passed","Wed May 13 19:20:59 UTC 2026","","Go Test","github.com/specterops/bloodhound/cmd/api/src/database/types/null/TestTimeExactEqual","TestTimeExactEqual"
"Test cases for TestService","0","TestService","","Wed May 13 19:21:02 UTC 2026","passed","Wed May 13 19:21:02 UTC 2026","","Go Test","github.com/specterops/bloodhound/cmd/api/src/services/dogtags/TestService","TestService"
"","144","should display","GenericErrorBoundaryFallback","Wed May 13 19:26:40 UTC 2026","passed","Wed May 13 19:26:40 UTC 2026","","","",""
"","64","populates the node search field when the 'primarySearch' query param is set","useNodeSearch","Wed May 13 19:25:41 UTC 2026","passed","Wed May 13 19:25:41 UTC 2026","","","",""
"","103","should display the ""My Profile"" title","UserProfile","Wed May 13 19:23:42 UTC 2026","passed","Wed May 13 19:23:42 UTC 2026","","","",""
"Test cases for TestMatches_FailureStatus","0","TestMatches_FailureStatus","","Wed May 13 19:20:59 UTC 2026","passed","Wed May 13 19:20:59 UTC 2026","","Go Test","github.com/specterops/bloodhound/cmd/api/src/model/TestMatches_FailureStatus","TestMatches_FailureStatus"
"","197","should display ""Create Token"" button","UserTokenManagementDialog","Wed May 13 19:23:09 UTC 2026","passed","Wed May 13 19:23:09 UTC 2026","","","",""
"","276","should render with the correct content","ConfirmUpdateQueryDialog","Wed May 13 19:26:12 UTC 2026","passed","Wed May 13 19:26:12 UTC 2026","","","",""
"Test cases for Test_sortAndSliceResults_sorting","0","Test_sortAndSliceResults_sorting","","Wed May 13 19:21:01 UTC 2026","passed","Wed May 13 19:21:01 UTC 2026","","Go Test","github.com/specterops/bloodhound/cmd/api/src/queries/Test_sortAndSliceResults_sorting","Test_sortAndSliceResults_sorting"
"","180","should display ""Disable Multi-Factor Authentication?"" title","Enable2FADialog","Wed May 13 19:25:13 UTC 2026","passed","Wed May 13 19:25:13 UTC 2026","","","",""
"","19","should filter properties that we do not want to display in the entity panel","ObjectInfoFields","Wed May 13 19:26:04 UTC 2026","passed","Wed May 13 19:26:04 UTC 2026","","","",""
"Test cases for TestFeatureFlagManagerPoller","75","TestFeatureFlagManagerPoller","","Wed May 13 19:20:58 UTC 2026","passed","Wed May 13 19:20:58 UTC 2026","","Go Test","github.com/specterops/bloodhound/cmd/api/src/daemons/changelog/TestFeatureFlagManagerPoller","TestFeatureFlagManagerPoller"
"Test cases for TestResources_ListADEntityAdminRights","0","TestResources_ListADEntityAdminRights","","Wed May 13 19:20:56 UTC 2026","passed","Wed May 13 19:20:56 UTC 2026","","Go Test","github.com/specterops/bloodhound/cmd/api/src/api/v2/TestResources_ListADEntityAdminRights","TestResources_ListADEntityAdminRights"
"","45","does not render when ruleId is empty","Delete Selector Button rendering","Wed May 13 19:26:15 UTC 2026","passed","Wed May 13 19:26:15 UTC 2026","","","",""
"Test cases for TestInt64SetValid","0","TestInt64SetValid","","Wed May 13 19:20:59 UTC 2026","passed","Wed May 13 19:20:59 UTC 2026","","Go Test","github.com/specterops/bloodhound/cmd/api/src/database/types/null/TestInt64SetValid","TestInt64SetValid"
"","356","sets a primarySearch=id and searchType=node when secondarySearch is falsey","ContextMenu","Wed May 13 19:23:11 UTC 2026","passed","Wed May 13 19:23:12 UTC 2026","","","",""
"Test cases for TestManagementResource_ListAuthTokens_SortingError","0","TestManagementResource_ListAuthTokens_SortingError","","Wed May 13 19:21:23 UTC 2026","passed","Wed May 13 19:21:23 UTC 2026","","Go Test","github.com/specterops/bloodhound/cmd/api/src/api/v2/auth/TestManagementResource_ListAuthTokens_SortingError","TestManagementResource_ListAuthTokens_SortingError"
"Test cases for TestResources_UpdateAssetGroupSelectors_SuccessT0","0","TestResources_UpdateAssetGroupSelectors_SuccessT0","","Wed May 13 19:20:56 UTC 2026","passed","Wed May 13 19:20:56 UTC 2026","","Go Test","github.com/specterops/bloodhound/cmd/api/src/api/v2/TestResources_UpdateAssetGroupSelectors_SuccessT0","TestResources_UpdateAssetGroupSelectors_SuccessT0"
"Test cases for TestManagementResource_GetAZEntity","89","TestManagementResource_GetAZEntity","","Wed May 13 19:20:56 UTC 2026","passed","Wed May 13 19:20:56 UTC 2026","","Go Test","github.com/specterops/bloodhound/cmd/api/src/api/v2/TestManagementResource_GetAZEntity","TestManagementResource_GetAZEntity"
"Test cases for TestResources_UpdateSavedQuery_GetSavedQueryError","0","TestResources_UpdateSavedQuery_GetSavedQueryError","","Wed May 13 19:20:56 UTC 2026","passed","Wed May 13 19:20:56 UTC 2026","","Go Test","github.com/specterops/bloodhound/cmd/api/src/api/v2/TestResources_UpdateSavedQuery_GetSavedQueryError","TestResources_UpdateSavedQuery_GetSavedQueryError"
"","0","matches all AZ edges","Make sure pathfinding filterable edges match schemagen","Wed May 13 19:26:34 UTC 2026","passed","Wed May 13 19:26:34 UTC 2026","","","",""
"","46","Calls the cypher search endpoint for a node that is hidden from user with not all environments access","EntityObjectInformation","Wed May 13 19:24:23 UTC 2026","passed","Wed May 13 19:24:23 UTC 2026","","","",""
"Test cases for TestBuildSQLSort","1","TestBuildSQLSort","","Wed May 13 19:20:45 UTC 2026","passed","Wed May 13 19:20:45 UTC 2026","","Go Test","github.com/specterops/bloodhound/cmd/api/src/api/TestBuildSQLSort","TestBuildSQLSort"
"Test cases for TestAddWhereClauseToNeo4jQuery_NoWhereClause","0","TestAddWhereClauseToNeo4jQuery_NoWhereClause","","Wed May 13 19:20:56 UTC 2026","passed","Wed May 13 19:20:56 UTC 2026","","Go Test","github.com/specterops/bloodhound/cmd/api/src/api/v2/TestAddWhereClauseToNeo4jQuery_NoWhereClause","TestAddWhereClauseToNeo4jQuery_NoWhereClause"
"","67","hides loading state when data is available","GraphDataCheckboxes","Wed May 13 19:22:46 UTC 2026","passed","Wed May 13 19:22:46 UTC 2026","","","",""
"","1771","search highlights matching substring with text-link class","Pathfinding","Wed May 13 19:22:46 UTC 2026","passed","Wed May 13 19:22:48 UTC 2026","","","",""
"Test cases for TestJSONFloat_UnmarshalJSON_NaN","0","TestJSONFloat_UnmarshalJSON_NaN","","Wed May 13 19:20:59 UTC 2026","passed","Wed May 13 19:20:59 UTC 2026","","Go Test","github.com/specterops/bloodhound/cmd/api/src/database/types/nan/TestJSONFloat_UnmarshalJSON_NaN","TestJSONFloat_UnmarshalJSON_NaN"
"Test cases for TestManagementResource_ListRoles_InvalidFilterPredicate","0","TestManagementResource_ListRoles_InvalidFilterPredicate","","Wed May 13 19:21:02 UTC 2026","passed","Wed May 13 19:21:02 UTC 2026","","Go Test","github.com/specterops/bloodhound/cmd/api/src/api/v2/auth/TestManagementResource_ListRoles_InvalidFilterPredicate","TestManagementResource_ListRoles_InvalidFilterPredicate"
"","239","renders the Cypher Rules Panel when clicking the Rule Tab","Selected Details Tab Content","Wed May 13 19:25:47 UTC 2026","passed","Wed May 13 19:25:48 UTC 2026","","","",""
"","687","should not call onSubmit when expired password is not supplied when reset password button clicked","PasswordResetForm","Wed May 13 19:24:14 UTC 2026","passed","Wed May 13 19:24:15 UTC 2026","","","",""
"Test cases for TestTextUnmarshalBool","0","TestTextUnmarshalBool","","Wed May 13 19:20:59 UTC 2026","passed","Wed May 13 19:20:59 UTC 2026","","Go Test","github.com/specterops/bloodhound/cmd/api/src/database/types/null/TestTextUnmarshalBool","TestTextUnmarshalBool"
"","1","filters by name search (case insensitive)","filterAndSearchEnvironments","Wed May 13 19:22:00 UTC 2026","passed","Wed May 13 19:22:00 UTC 2026","","search filter","",""
"Test cases for TestKeyEncoder_Key_Deterministic","1","TestKeyEncoder_Key_Deterministic","","Wed May 13 19:21:12 UTC 2026","passed","Wed May 13 19:21:12 UTC 2026","","Go Test","github.com/specterops/bloodhound/packages/go/analysis/post/TestKeyEncoder_Key_Deterministic","TestKeyEncoder_Key_Deterministic"
"Test cases for TestWriteAndValidateJSON_NormalizationError","6","TestWriteAndValidateJSON_NormalizationError","","Wed May 13 19:21:05 UTC 2026","passed","Wed May 13 19:21:05 UTC 2026","","Go Test","github.com/specterops/bloodhound/cmd/api/src/services/upload/TestWriteAndValidateJSON_NormalizationError","TestWriteAndValidateJSON_NormalizationError"
"","16","returns numbers as strings","numberFormatting","Wed May 13 19:24:29 UTC 2026","passed","Wed May 13 19:24:29 UTC 2026","","","",""
"Test cases for Test_cacheQueryResult","0","Test_cacheQueryResult","","Wed May 13 19:21:01 UTC 2026","passed","Wed May 13 19:21:01 UTC 2026","","Go Test","github.com/specterops/bloodhound/cmd/api/src/queries/Test_cacheQueryResult","Test_cacheQueryResult"
"","316","should display a searchbox with a placeholder when rendered","AssetGroupEdit","Wed May 13 19:24:54 UTC 2026","passed","Wed May 13 19:24:54 UTC 2026","","","",""
"Test cases for TestResources_ListADDomainInboundTrusts","0","TestResources_ListADDomainInboundTrusts","","Wed May 13 19:20:56 UTC 2026","passed","Wed May 13 19:20:56 UTC 2026","","Go Test","github.com/specterops/bloodhound/cmd/api/src/api/v2/TestResources_ListADDomainInboundTrusts","TestResources_ListADDomainInboundTrusts"
"","1","returns propertyKeys from all three kind property enums","graphSchema","Wed May 13 19:26:06 UTC 2026","passed","Wed May 13 19:26:06 UTC 2026","","","",""
"Test cases for TestTenantRoles","0","TestTenantRoles","","Wed May 13 19:21:12 UTC 2026","passed","Wed May 13 19:21:12 UTC 2026","","Go Test","github.com/specterops/bloodhound/packages/go/analysis/azure/TestTenantRoles","TestTenantRoles"
"","0","should compute the length of a line segment","bezier","Wed May 13 19:27:26 UTC 2026","passed","Wed May 13 19:27:26 UTC 2026","","","",""
"","180","opens the dialog when the button is clicked","SchemaUploadDialog","Wed May 13 19:22:58 UTC 2026","passed","Wed May 13 19:22:58 UTC 2026","","","",""
"Test cases for TestSet","0","TestSet","","Wed May 13 19:21:14 UTC 2026","passed","Wed May 13 19:21:14 UTC 2026","","Go Test","github.com/specterops/bloodhound/packages/go/lab/internal/TestSet","TestSet"
"Test cases for TestGetMFAActivationStatus_Success","0","TestGetMFAActivationStatus_Success","","Wed May 13 19:21:30 UTC 2026","passed","Wed May 13 19:21:30 UTC 2026","","Go Test","github.com/specterops/bloodhound/cmd/api/src/api/v2/auth/TestGetMFAActivationStatus_Success","TestGetMFAActivationStatus_Success"
"Test cases for TestParseKind","0","TestParseKind","","Wed May 13 19:21:13 UTC 2026","passed","Wed May 13 19:21:13 UTC 2026","","Go Test","github.com/specterops/bloodhound/packages/go/ein/TestParseKind","TestParseKind"
"","721","should hide Environmental Targeted Access Control panel when showEnvironmentAccessControls prop is true and admin role is selected","UpdateUserForm","Wed May 13 19:21:57 UTC 2026","passed","Wed May 13 19:21:58 UTC 2026","","","",""
"Test cases for TestMarshalBool","0","TestMarshalBool","","Wed May 13 19:20:59 UTC 2026","passed","Wed May 13 19:20:59 UTC 2026","","Go Test","github.com/specterops/bloodhound/cmd/api/src/database/types/null/TestMarshalBool","TestMarshalBool"
"Test cases for TestResources_BuildDeleteRequest","0","TestResources_BuildDeleteRequest","","Wed May 13 19:20:56 UTC 2026","passed","Wed May 13 19:20:56 UTC 2026","","Go Test","github.com/specterops/bloodhound/cmd/api/src/api/v2/TestResources_BuildDeleteRequest","TestResources_BuildDeleteRequest"
"","244","should render a single section with a single navigation item","SubNav","Wed May 13 19:25:25 UTC 2026","passed","Wed May 13 19:25:25 UTC 2026","","","",""
"Test cases for TestMarshalString","0","TestMarshalString","","Wed May 13 19:20:59 UTC 2026","passed","Wed May 13 19:20:59 UTC 2026","","Go Test","github.com/specterops/bloodhound/cmd/api/src/database/types/null/TestMarshalString","TestMarshalString"
"","686","opens and closes the filter","FileIngestFilterDialog","Wed May 13 19:23:03 UTC 2026","passed","Wed May 13 19:23:04 UTC 2026","","","",""
"Test cases for TestAddOwnerRoleIDs","0","TestAddOwnerRoleIDs","","Wed May 13 19:21:12 UTC 2026","passed","Wed May 13 19:21:12 UTC 2026","","Go Test","github.com/specterops/bloodhound/packages/go/analysis/azure/TestAddOwnerRoleIDs","TestAddOwnerRoleIDs"
"Test cases for TestManagementResource_DeleteUser_BadUserID","0","TestManagementResource_DeleteUser_BadUserID","","Wed May 13 19:21:18 UTC 2026","passed","Wed May 13 19:21:18 UTC 2026","","Go Test","github.com/specterops/bloodhound/cmd/api/src/api/v2/auth/TestManagementResource_DeleteUser_BadUserID","TestManagementResource_DeleteUser_BadUserID"
"Test cases for TestResources_CreateCustomNodeKindsTest","88","TestResources_CreateCustomNodeKindsTest","","Wed May 13 19:20:56 UTC 2026","passed","Wed May 13 19:20:56 UTC 2026","","Go Test","github.com/specterops/bloodhound/cmd/api/src/api/v2/TestResources_CreateCustomNodeKindsTest","TestResources_CreateCustomNodeKindsTest"
"Test cases for TestResources_ListADComputerPSRemoteUsers","1","TestResources_ListADComputerPSRemoteUsers","","Wed May 13 19:20:56 UTC 2026","passed","Wed May 13 19:20:56 UTC 2026","","Go Test","github.com/specterops/bloodhound/cmd/api/src/api/v2/TestResources_ListADComputerPSRemoteUsers","TestResources_ListADComputerPSRemoteUsers"
"","522","calls delete mutation when confirm button is clicked with correct input","ActiveExtensionsCard","Wed May 13 19:22:08 UTC 2026","passed","Wed May 13 19:22:09 UTC 2026","","","",""
"Test cases for Test_HarnessSetup","0","Test_HarnessSetup","","Wed May 13 19:21:14 UTC 2026","passed","Wed May 13 19:21:14 UTC 2026","","Go Test","github.com/specterops/bloodhound/packages/go/lab/Test_HarnessSetup","Test_HarnessSetup"
"","587","should initiate data loading when an item is selected","Simple Environment Selector","Wed May 13 19:23:41 UTC 2026","passed","Wed May 13 19:23:42 UTC 2026","","","",""
"Test cases for TestWriteBasicResponse","0","TestWriteBasicResponse","","Wed May 13 19:20:45 UTC 2026","passed","Wed May 13 19:20:45 UTC 2026","","Go Test","github.com/specterops/bloodhound/cmd/api/src/api/TestWriteBasicResponse","TestWriteBasicResponse"
"","226","calls onChangePinnedColumns with DEFAULT_PINNED_COLUMN_KEYS when ""Reset Default"" is clicked","ManageColumnsComboBox","Wed May 13 19:23:19 UTC 2026","passed","Wed May 13 19:23:20 UTC 2026","","","",""
"","20","displays contact admin message when hidden edge is true","EdgeInfoContent","Wed May 13 19:22:06 UTC 2026","passed","Wed May 13 19:22:06 UTC 2026","","EdgeInfoContent support for hidden edges","",""
"","782","filling in the name value allows updating the rule and navigates back to the details page","Rule Form","Wed May 13 19:22:06 UTC 2026","passed","Wed May 13 19:22:07 UTC 2026","","","",""
"Test cases for TestResources_ListKinds","62","TestResources_ListKinds","","Wed May 13 19:20:56 UTC 2026","passed","Wed May 13 19:20:56 UTC 2026","","Go Test","github.com/specterops/bloodhound/cmd/api/src/api/v2/TestResources_ListKinds","TestResources_ListKinds"
"","112","should call onCancel when return to login button clicked","OneTimePasscodeForm","Wed May 13 19:25:46 UTC 2026","passed","Wed May 13 19:25:46 UTC 2026","","","",""
"","478","displays current password error messages when current password is empty","PasswordDialog","Wed May 13 19:22:20 UTC 2026","passed","Wed May 13 19:22:21 UTC 2026","","","",""
"Test cases for TestQueries_BuildEntityQueryParams_DataTypeCount","0","TestQueries_BuildEntityQueryParams_DataTypeCount","","Wed May 13 19:21:02 UTC 2026","passed","Wed May 13 19:21:02 UTC 2026","","Go Test","github.com/specterops/bloodhound/cmd/api/src/queries/TestQueries_BuildEntityQueryParams_DataTypeCount","TestQueries_BuildEntityQueryParams_DataTypeCount"
"","0","returns false if arrays have different elements","areArraysSimilar","Wed May 13 19:26:14 UTC 2026","passed","Wed May 13 19:26:14 UTC 2026","","","",""
"Test cases for TestResources_GetAssetGroupTagHistory","4","TestResources_GetAssetGroupTagHistory","","Wed May 13 19:20:56 UTC 2026","passed","Wed May 13 19:20:56 UTC 2026","","Go Test","github.com/specterops/bloodhound/cmd/api/src/api/v2/TestResources_GetAssetGroupTagHistory","TestResources_GetAssetGroupTagHistory"
"Test cases for TestResources_ListADIssuancePolicyLinkedCertTemplates","139","TestResources_ListADIssuancePolicyLinkedCertTemplates","","Wed May 13 19:20:56 UTC 2026","passed","Wed May 13 19:20:56 UTC 2026","","Go Test","github.com/specterops/bloodhound/cmd/api/src/api/v2/TestResources_ListADIssuancePolicyLinkedCertTemplates","TestResources_ListADIssuancePolicyLinkedCertTemplates"
"","537","handles creating a new rule","Rule Form","Wed May 13 19:22:07 UTC 2026","passed","Wed May 13 19:22:07 UTC 2026","","","",""
"","53","composes search params from the search prop and use them in the link","AppLink","Wed May 13 19:24:50 UTC 2026","passed","Wed May 13 19:24:50 UTC 2026","","","",""
"Test cases for TestRequireAllEnvironmentAccessMiddleware","0","TestRequireAllEnvironmentAccessMiddleware","","Wed May 13 19:20:49 UTC 2026","passed","Wed May 13 19:20:49 UTC 2026","","Go Test","github.com/specterops/bloodhound/cmd/api/src/api/middleware/TestRequireAllEnvironmentAccessMiddleware","TestRequireAllEnvironmentAccessMiddleware"
"Test cases for TestResources_GetRootCAEntityInfo","193","TestResources_GetRootCAEntityInfo","","Wed May 13 19:20:56 UTC 2026","passed","Wed May 13 19:20:56 UTC 2026","","Go Test","github.com/specterops/bloodhound/cmd/api/src/api/v2/TestResources_GetRootCAEntityInfo","TestResources_GetRootCAEntityInfo"
"","9","displays lastlogon cell as NEVER when the value is -1","ExploreTableDataCell","Wed May 13 19:25:54 UTC 2026","passed","Wed May 13 19:25:54 UTC 2026","","","",""
"Test cases for TestResources_UpdateSavedQuery_Admin_NonPublicQuery","0","TestResources_UpdateSavedQuery_Admin_NonPublicQuery","","Wed May 13 19:20:56 UTC 2026","passed","Wed May 13 19:20:56 UTC 2026","","Go Test","github.com/specterops/bloodhound/cmd/api/src/api/v2/TestResources_UpdateSavedQuery_Admin_NonPublicQuery","TestResources_UpdateSavedQuery_Admin_NonPublicQuery"
"","179","clicking an enabled header toggles content (single mode)","<DetailsAccordion />","Wed May 13 19:23:17 UTC 2026","passed","Wed May 13 19:23:17 UTC 2026","","","",""
"Test cases for TestGC_Start","999","TestGC_Start","","Wed May 13 19:20:58 UTC 2026","passed","Wed May 13 19:20:59 UTC 2026","","Go Test","github.com/specterops/bloodhound/cmd/api/src/daemons/gc/TestGC_Start","TestGC_Start"
"Test cases for TestOpenGraphSchemaService_GetSchemaFindings","3","TestOpenGraphSchemaService_GetSchemaFindings","","Wed May 13 19:21:04 UTC 2026","passed","Wed May 13 19:21:04 UTC 2026","","Go Test","github.com/specterops/bloodhound/cmd/api/src/services/opengraphschema/TestOpenGraphSchemaService_GetSchemaFindings","TestOpenGraphSchemaService_GetSchemaFindings"
"","1007","open and closes dialog","DatabaseManagement","Wed May 13 19:27:06 UTC 2026","passed","Wed May 13 19:27:07 UTC 2026","","","",""
"Test cases for TestManagementResource_ListAuthTokens_PredicateMismatchWithColumn","0","TestManagementResource_ListAuthTokens_PredicateMismatchWithColumn","","Wed May 13 19:21:23 UTC 2026","passed","Wed May 13 19:21:23 UTC 2026","","Go Test","github.com/specterops/bloodhound/cmd/api/src/api/v2/auth/TestManagementResource_ListAuthTokens_PredicateMismatchWithColumn","TestManagementResource_ListAuthTokens_PredicateMismatchWithColumn"
"Test cases for TestResources_UpdateAssetGroupSelectors_GetAssetGroupError","1","TestResources_UpdateAssetGroupSelectors_GetAssetGroupError","","Wed May 13 19:20:56 UTC 2026","passed","Wed May 13 19:20:56 UTC 2026","","Go Test","github.com/specterops/bloodhound/cmd/api/src/api/v2/TestResources_UpdateAssetGroupSelectors_GetAssetGroupError","TestResources_UpdateAssetGroupSelectors_GetAssetGroupError"
"Test cases for TestWriteResultRawJson","0","TestWriteResultRawJson","","Wed May 13 19:21:08 UTC 2026","passed","Wed May 13 19:21:08 UTC 2026","","Go Test","github.com/specterops/bloodhound/cmd/api/src/utils/TestWriteResultRawJson","TestWriteResultRawJson"
"Test cases for TestNewNodeNamePrefix","1","TestNewNodeNamePrefix","","Wed May 13 19:21:12 UTC 2026","passed","Wed May 13 19:21:12 UTC 2026","","Go Test","github.com/specterops/bloodhound/packages/go/analysis/ad/wellknown/TestNewNodeNamePrefix","TestNewNodeNamePrefix"
"","1","returns a function that takes a key found in updatedParams and updates the searchParams with that matching value from updatedParams","searchParams","Wed May 13 19:25:05 UTC 2026","passed","Wed May 13 19:25:05 UTC 2026","","setSingleParamFactory","",""
"Test cases for TestTrackerBuilder_Build_SortsKeysAndIDs","0","TestTrackerBuilder_Build_SortsKeysAndIDs","","Wed May 13 19:21:12 UTC 2026","passed","Wed May 13 19:21:12 UTC 2026","","Go Test","github.com/specterops/bloodhound/packages/go/analysis/post/TestTrackerBuilder_Build_SortsKeysAndIDs","TestTrackerBuilder_Build_SortsKeysAndIDs"
"","157","renders details for a selected zone","DynamicDetails","Wed May 13 19:23:46 UTC 2026","passed","Wed May 13 19:23:46 UTC 2026","","","",""
"Test cases for TestLoginFailure","2","TestLoginFailure","","Wed May 13 19:20:56 UTC 2026","passed","Wed May 13 19:20:56 UTC 2026","","Go Test","github.com/specterops/bloodhound/cmd/api/src/api/v2/auth/TestLoginFailure","TestLoginFailure"
"Test cases for TestQueries_GetEntityObjectIDFromRequestPath","0","TestQueries_GetEntityObjectIDFromRequestPath","","Wed May 13 19:21:02 UTC 2026","passed","Wed May 13 19:21:02 UTC 2026","","Go Test","github.com/specterops/bloodhound/cmd/api/src/queries/TestQueries_GetEntityObjectIDFromRequestPath","TestQueries_GetEntityObjectIDFromRequestPath"
"","0","returns paramValue as EnvironmentAggregation if paramValue is all","useEnvironmentParams","Wed May 13 19:26:34 UTC 2026","passed","Wed May 13 19:26:34 UTC 2026","","parseEnvironmentAggregation","",""
"","213","clears value if input is empty","ManagedDatePicker - input","Wed May 13 19:24:24 UTC 2026","passed","Wed May 13 19:24:24 UTC 2026","","","",""
"Test cases for TestMaybeSubmitRelationshipUpdate","0","TestMaybeSubmitRelationshipUpdate","","Wed May 13 19:21:03 UTC 2026","passed","Wed May 13 19:21:03 UTC 2026","","Go Test","github.com/specterops/bloodhound/cmd/api/src/services/graphify/TestMaybeSubmitRelationshipUpdate","TestMaybeSubmitRelationshipUpdate"
"","68","displays the value thats passed via children","CodeController","Wed May 13 19:26:19 UTC 2026","passed","Wed May 13 19:26:19 UTC 2026","","","",""
"","692","renders a filter search and platform dropdown menu","CommonSearches","Wed May 13 19:23:20 UTC 2026","passed","Wed May 13 19:23:21 UTC 2026","","","",""
"","68","initializes the categories with just the built-in defaults when edge endpoint returns nothing","useEdgeCategories","Wed May 13 19:23:35 UTC 2026","passed","Wed May 13 19:23:35 UTC 2026","","","",""
"Test cases for TestTimeFrom","0","TestTimeFrom","","Wed May 13 19:20:59 UTC 2026","passed","Wed May 13 19:20:59 UTC 2026","","Go Test","github.com/specterops/bloodhound/cmd/api/src/database/types/null/TestTimeFrom","TestTimeFrom"
"","0","filters by active-directory platform","filterAndSearchEnvironments","Wed May 13 19:22:00 UTC 2026","passed","Wed May 13 19:22:00 UTC 2026","","platform filters","",""
"","155","fires onSelect prop when a result is clicked","SearchCurrentNodes","Wed May 13 19:24:42 UTC 2026","passed","Wed May 13 19:24:43 UTC 2026","","","",""
"","334","on clicking switch shows modal and when clicking cancel closes it and switch stays disabled","CitrixRDPConfiguration","Wed May 13 19:23:35 UTC 2026","passed","Wed May 13 19:23:36 UTC 2026","","Click on switch to enable","",""
"","2779","Kebab menu click causes the callback function to be called with the correct parameters","ExploreTable","Wed May 13 19:21:54 UTC 2026","passed","Wed May 13 19:21:56 UTC 2026","","","",""
"Test cases for TestResources_DeleteAssetGroupSelector","0","TestResources_DeleteAssetGroupSelector","","Wed May 13 19:20:56 UTC 2026","passed","Wed May 13 19:20:56 UTC 2026","","Go Test","github.com/specterops/bloodhound/cmd/api/src/api/v2/TestResources_DeleteAssetGroupSelector","TestResources_DeleteAssetGroupSelector"
"","262","should handle close event","TagToZoneLabelDialog","Wed May 13 19:24:34 UTC 2026","passed","Wed May 13 19:24:34 UTC 2026","","","",""
"","249","filters extensions based on search input","ActiveExtensionsCard","Wed May 13 19:22:06 UTC 2026","passed","Wed May 13 19:22:06 UTC 2026","","","",""
"Test cases for TestResources_ListADEntityControllers","3","TestResources_ListADEntityControllers","","Wed May 13 19:20:56 UTC 2026","passed","Wed May 13 19:20:56 UTC 2026","","Go Test","github.com/specterops/bloodhound/cmd/api/src/api/v2/TestResources_ListADEntityControllers","TestResources_ListADEntityControllers"
"","53","displays a loading message while fetching extensions","ActiveExtensionsCard","Wed May 13 19:22:05 UTC 2026","passed","Wed May 13 19:22:05 UTC 2026","","","",""
"","62","takes the param appendQueryKey and will append that value to the existing queryKey","useAvailableEnvironments","Wed May 13 19:24:07 UTC 2026","passed","Wed May 13 19:24:07 UTC 2026","","useAvailableEnvironments","",""
"","1658","renders","DatabaseManagement","Wed May 13 19:27:02 UTC 2026","passed","Wed May 13 19:27:04 UTC 2026","","","",""
"","0","returns fallback Cypher message when ruleType is undefined and seeds are required","getErrorMessage","Wed May 13 19:23:01 UTC 2026","passed","Wed May 13 19:23:01 UTC 2026","","","",""
"Test cases for TestResources_CreateSavedQuery_EmptyBody","0","TestResources_CreateSavedQuery_EmptyBody","","Wed May 13 19:20:56 UTC 2026","passed","Wed May 13 19:20:56 UTC 2026","","Go Test","github.com/specterops/bloodhound/cmd/api/src/api/v2/TestResources_CreateSavedQuery_EmptyBody","TestResources_CreateSavedQuery_EmptyBody"
"","444","clears the applied filter","FileIngestFilterDialog","Wed May 13 19:23:05 UTC 2026","passed","Wed May 13 19:23:06 UTC 2026","","Status Select","",""
"Test cases for Test_GetAssetGroupMembersBySelector","6","Test_GetAssetGroupMembersBySelector","","Wed May 13 19:20:56 UTC 2026","passed","Wed May 13 19:20:56 UTC 2026","","Go Test","github.com/specterops/bloodhound/cmd/api/src/api/v2/Test_GetAssetGroupMembersBySelector","Test_GetAssetGroupMembersBySelector"
"Test cases for TestTypes_Value","0","TestTypes_Value","","Wed May 13 19:20:59 UTC 2026","passed","Wed May 13 19:20:59 UTC 2026","","Go Test","github.com/specterops/bloodhound/cmd/api/src/database/types/TestTypes_Value","TestTypes_Value"
"Test cases for Test_SetApplicationConfiguration","1","Test_SetApplicationConfiguration","","Wed May 13 19:20:56 UTC 2026","passed","Wed May 13 19:20:56 UTC 2026","","Go Test","github.com/specterops/bloodhound/cmd/api/src/api/v2/Test_SetApplicationConfiguration","Test_SetApplicationConfiguration"
"Test cases for TestUnmarshalInt","0","TestUnmarshalInt","","Wed May 13 19:20:59 UTC 2026","passed","Wed May 13 19:20:59 UTC 2026","","Go Test","github.com/specterops/bloodhound/cmd/api/src/database/types/null/TestUnmarshalInt","TestUnmarshalInt"
"Test cases for TestResources_GetEdgeComposition","75","TestResources_GetEdgeComposition","","Wed May 13 19:20:56 UTC 2026","passed","Wed May 13 19:20:56 UTC 2026","","Go Test","github.com/specterops/bloodhound/cmd/api/src/api/v2/TestResources_GetEdgeComposition","TestResources_GetEdgeComposition"
"Test cases for TestAssetGroupSelectorSpec_Validate","5","TestAssetGroupSelectorSpec_Validate","","Wed May 13 19:20:59 UTC 2026","passed","Wed May 13 19:20:59 UTC 2026","","Go Test","github.com/specterops/bloodhound/cmd/api/src/model/TestAssetGroupSelectorSpec_Validate","TestAssetGroupSelectorSpec_Validate"
"Test cases for TestMarshalIntText","0","TestMarshalIntText","","Wed May 13 19:20:59 UTC 2026","passed","Wed May 13 19:20:59 UTC 2026","","Go Test","github.com/specterops/bloodhound/cmd/api/src/database/types/null/TestMarshalIntText","TestMarshalIntText"
"Test cases for TestTracker_HasEdge_And_DeletedEdges","0","TestTracker_HasEdge_And_DeletedEdges","","Wed May 13 19:21:12 UTC 2026","passed","Wed May 13 19:21:12 UTC 2026","","Go Test","github.com/specterops/bloodhound/packages/go/analysis/post/TestTracker_HasEdge_And_DeletedEdges","TestTracker_HasEdge_And_DeletedEdges"
"","297","sets a primarySearch=id and searchType=pathfinding when secondarySearch is truethy","ContextMenu","Wed May 13 19:23:12 UTC 2026","passed","Wed May 13 19:23:12 UTC 2026","","","",""
"Test cases for TestConvertAzureRoleEligibilityScheduleInstanceToRel","0","TestConvertAzureRoleEligibilityScheduleInstanceToRel","","Wed May 13 19:21:13 UTC 2026","passed","Wed May 13 19:21:13 UTC 2026","","Go Test","github.com/specterops/bloodhound/packages/go/ein/TestConvertAzureRoleEligibilityScheduleInstanceToRel","TestConvertAzureRoleEligibilityScheduleInstanceToRel"
"Test cases for TestResources_GetAZEntityInformation","92","TestResources_GetAZEntityInformation","","Wed May 13 19:20:56 UTC 2026","passed","Wed May 13 19:20:56 UTC 2026","","Go Test","github.com/specterops/bloodhound/cmd/api/src/api/v2/TestResources_GetAZEntityInformation","TestResources_GetAZEntityInformation"
"Test cases for TestTimeEqual","0","TestTimeEqual","","Wed May 13 19:20:59 UTC 2026","passed","Wed May 13 19:20:59 UTC 2026","","Go Test","github.com/specterops/bloodhound/cmd/api/src/database/types/null/TestTimeEqual","TestTimeEqual"
"Test cases for TestResources_GetAnalysisRequest","0","TestResources_GetAnalysisRequest","","Wed May 13 19:20:56 UTC 2026","passed","Wed May 13 19:20:56 UTC 2026","","Go Test","github.com/specterops/bloodhound/cmd/api/src/api/v2/TestResources_GetAnalysisRequest","TestResources_GetAnalysisRequest"
"","1687","when user performs a pathfinding search, and then clicks the swap button, the start and destination inputs are swapped","Pathfinding: interaction","Wed May 13 19:23:56 UTC 2026","passed","Wed May 13 19:23:58 UTC 2026","","","",""
"","1","returns query config when searchType is relationship and all required params are passed","useExploreGraph","Wed May 13 19:22:53 UTC 2026","passed","Wed May 13 19:22:53 UTC 2026","relationship search queries","exploreGraphQueryFactory","",""
"","33","does not show the dropdown by default","ManageColumnsComboBox","Wed May 13 19:23:18 UTC 2026","passed","Wed May 13 19:23:18 UTC 2026","","","",""
"Test cases for TestUnifiedGraph_AddPathSet","0","TestUnifiedGraph_AddPathSet","","Wed May 13 19:20:59 UTC 2026","passed","Wed May 13 19:20:59 UTC 2026","","Go Test","github.com/specterops/bloodhound/cmd/api/src/model/TestUnifiedGraph_AddPathSet","TestUnifiedGraph_AddPathSet"
"","0","EXTENDED ROUNDING with different thresholds","numberFormatting","Wed May 13 19:24:29 UTC 2026","passed","Wed May 13 19:24:29 UTC 2026","","","",""
"Test cases for Test_ConvertAzureRoleManagementPolicyAssignment","0","Test_ConvertAzureRoleManagementPolicyAssignment","","Wed May 13 19:21:13 UTC 2026","passed","Wed May 13 19:21:13 UTC 2026","","Go Test","github.com/specterops/bloodhound/packages/go/ein/Test_ConvertAzureRoleManagementPolicyAssignment","Test_ConvertAzureRoleManagementPolicyAssignment"
"Test cases for TestParseOptionalLimitQueryParameter","67","TestParseOptionalLimitQueryParameter","","Wed May 13 19:20:56 UTC 2026","passed","Wed May 13 19:20:56 UTC 2026","","Go Test","github.com/specterops/bloodhound/cmd/api/src/api/v2/TestParseOptionalLimitQueryParameter","TestParseOptionalLimitQueryParameter"
"Test cases for Test_filterAndFormatSearchResults_filterEnvironments_domainSIDFail","0","Test_filterAndFormatSearchResults_filterEnvironments_domainSIDFail","","Wed May 13 19:20:56 UTC 2026","passed","Wed May 13 19:20:56 UTC 2026","","Go Test","github.com/specterops/bloodhound/cmd/api/src/api/v2/Test_filterAndFormatSearchResults_filterEnvironments_domainSIDFail","Test_filterAndFormatSearchResults_filterEnvironments_domainSIDFail"
"","1543","renders","Glyph Select Dialog","Wed May 13 19:26:09 UTC 2026","passed","Wed May 13 19:26:11 UTC 2026","","","",""
"Test cases for TestCreateUser_Success","1301","TestCreateUser_Success","","Wed May 13 19:21:04 UTC 2026","passed","Wed May 13 19:21:05 UTC 2026","","Go Test","github.com/specterops/bloodhound/cmd/api/src/api/v2/auth/TestCreateUser_Success","TestCreateUser_Success"
"","5","removes a notification","AppNotifications","Wed May 13 19:25:19 UTC 2026","passed","Wed May 13 19:25:19 UTC 2026","","","",""
"Test cases for TestManagementResource_OIDCLoginHandler","6","TestManagementResource_OIDCLoginHandler","","Wed May 13 19:21:31 UTC 2026","passed","Wed May 13 19:21:31 UTC 2026","","Go Test","github.com/specterops/bloodhound/cmd/api/src/api/v2/auth/TestManagementResource_OIDCLoginHandler","TestManagementResource_OIDCLoginHandler"
"Test cases for TestManagementResource_ListRoles_SortingError","0","TestManagementResource_ListRoles_SortingError","","Wed May 13 19:21:02 UTC 2026","passed","Wed May 13 19:21:02 UTC 2026","","Go Test","github.com/specterops/bloodhound/cmd/api/src/api/v2/auth/TestManagementResource_ListRoles_SortingError","TestManagementResource_ListRoles_SortingError"
"Test cases for TestClearCache_HA","1","TestClearCache_HA","","Wed May 13 19:20:58 UTC 2026","passed","Wed May 13 19:20:58 UTC 2026","","Go Test","github.com/specterops/bloodhound/cmd/api/src/daemons/changelog/TestClearCache_HA","TestClearCache_HA"
"Test cases for TestResources_CancelAnalysisRequest","127","TestResources_CancelAnalysisRequest","","Wed May 13 19:20:56 UTC 2026","passed","Wed May 13 19:20:56 UTC 2026","","Go Test","github.com/specterops/bloodhound/cmd/api/src/api/v2/TestResources_CancelAnalysisRequest","TestResources_CancelAnalysisRequest"
"Test cases for TestGetPlatformAggregateStats_Failure","2","TestGetPlatformAggregateStats_Failure","","Wed May 13 19:20:56 UTC 2026","passed","Wed May 13 19:20:56 UTC 2026","","Go Test","github.com/specterops/bloodhound/cmd/api/src/api/v2/TestGetPlatformAggregateStats_Failure","TestGetPlatformAggregateStats_Failure"
"","235","filters unselected columns when typing in the filter input","ManageColumnsComboBox","Wed May 13 19:23:20 UTC 2026","passed","Wed May 13 19:23:20 UTC 2026","","","",""
"","0","returns disabled config when any required param is falsey","useExploreGraph","Wed May 13 19:22:53 UTC 2026","passed","Wed May 13 19:22:53 UTC 2026","composition search queries","exploreGraphQueryFactory","",""
"","0","combines collected and risk filters","filterAndSearchEnvironments","Wed May 13 19:22:00 UTC 2026","passed","Wed May 13 19:22:00 UTC 2026","","combined filters","",""
"","893","clicking checkbox will remove error if present","DatabaseManagement","Wed May 13 19:27:05 UTC 2026","passed","Wed May 13 19:27:06 UTC 2026","","","",""
"","7840","checking a category updates all children and grandchildren","Pathfinding","Wed May 13 19:22:20 UTC 2026","passed","Wed May 13 19:22:28 UTC 2026","","","",""
"","60","clears selected if same note is clicked again","NoteCell component","Wed May 13 19:25:16 UTC 2026","passed","Wed May 13 19:25:16 UTC 2026","","","",""
"","0","The user has yet to type into the search (for OU and Domain searches that have hard coded types)","Getting the text for the disabled item display for a search when there are no results","Wed May 13 19:24:59 UTC 2026","passed","Wed May 13 19:24:59 UTC 2026","","Empty data states","",""
"","195","on clicking switch shows modal and when clicking confirm closes it and switch changes to disabled","CitrixRDPConfiguration","Wed May 13 19:23:36 UTC 2026","passed","Wed May 13 19:23:36 UTC 2026","","Click on switch to disable","",""
"","209","calls the onReset prop when the crop button is clicked","GraphControls","Wed May 13 19:22:55 UTC 2026","passed","Wed May 13 19:22:55 UTC 2026","","Resetting graph","",""
"","17","will update the selected filters based on the values stored in query params when the initialize function is called","usePathfindingFilters","Wed May 13 19:26:00 UTC 2026","passed","Wed May 13 19:26:00 UTC 2026","","","",""
"Test cases for TestMarshalTime","0","TestMarshalTime","","Wed May 13 19:20:59 UTC 2026","passed","Wed May 13 19:20:59 UTC 2026","","Go Test","github.com/specterops/bloodhound/cmd/api/src/database/types/null/TestMarshalTime","TestMarshalTime"
"Test cases for TestManagementResource_ListAuthTokens_UserIDFilter","1","TestManagementResource_ListAuthTokens_UserIDFilter","","Wed May 13 19:21:23 UTC 2026","passed","Wed May 13 19:21:23 UTC 2026","","Go Test","github.com/specterops/bloodhound/cmd/api/src/api/v2/auth/TestManagementResource_ListAuthTokens_UserIDFilter","TestManagementResource_ListAuthTokens_UserIDFilter"
"","578","should not allow the input to exceed the allowed length","CreateUserForm","Wed May 13 19:22:15 UTC 2026","passed","Wed May 13 19:22:15 UTC 2026","","","",""
"Test cases for TestFloatPointer","0","TestFloatPointer","","Wed May 13 19:20:59 UTC 2026","passed","Wed May 13 19:20:59 UTC 2026","","Go Test","github.com/specterops/bloodhound/cmd/api/src/database/types/null/TestFloatPointer","TestFloatPointer"
"Test cases for TestWriteErrorResponse_InvalidFormat","0","TestWriteErrorResponse_InvalidFormat","","Wed May 13 19:20:45 UTC 2026","passed","Wed May 13 19:20:45 UTC 2026","","Go Test","github.com/specterops/bloodhound/cmd/api/src/api/TestWriteErrorResponse_InvalidFormat","TestWriteErrorResponse_InvalidFormat"
"","2","returns {enabled: false} if there is not a match on the switch statement","useExploreGraph","Wed May 13 19:22:53 UTC 2026","passed","Wed May 13 19:22:53 UTC 2026","","exploreGraphQueryFactory","",""
"","145","a name value is required to submit the form","Tag Form","Wed May 13 19:21:47 UTC 2026","passed","Wed May 13 19:21:47 UTC 2026","","","",""
"Test cases for TestManagementResource_GetRole","28716","TestManagementResource_GetRole","","Wed May 13 19:21:02 UTC 2026","passed","Wed May 13 19:21:31 UTC 2026","","Go Test","github.com/specterops/bloodhound/cmd/api/src/api/v2/auth/TestManagementResource_GetRole","TestManagementResource_GetRole"
"","0","runs a cypher search when the query param is set to ""cypher""","useExploreGraph","Wed May 13 19:22:53 UTC 2026","passed","Wed May 13 19:22:53 UTC 2026","","exploreGraphQueryFactory","",""
"","211","shows Popper when isCurrentSearchOpen is true","GraphControls","Wed May 13 19:22:58 UTC 2026","passed","Wed May 13 19:22:58 UTC 2026","","Searching current results","",""
"Test cases for TestManagementResource_UpdateUser_DuplicateEmailError","0","TestManagementResource_UpdateUser_DuplicateEmailError","","Wed May 13 19:21:14 UTC 2026","passed","Wed May 13 19:21:14 UTC 2026","","Go Test","github.com/specterops/bloodhound/cmd/api/src/api/v2/auth/TestManagementResource_UpdateUser_DuplicateEmailError","TestManagementResource_UpdateUser_DuplicateEmailError"
"","43","renders GraphButton with correct text","GraphControls","Wed May 13 19:22:57 UTC 2026","passed","Wed May 13 19:22:57 UTC 2026","","Searching current results","",""
"","82","indicates that filters are active","AssetGroupEdit","Wed May 13 19:23:29 UTC 2026","passed","Wed May 13 19:23:29 UTC 2026","","","",""
"Test cases for Test_GetApplicationConfigurations","0","Test_GetApplicationConfigurations","","Wed May 13 19:20:56 UTC 2026","passed","Wed May 13 19:20:56 UTC 2026","","Go Test","github.com/specterops/bloodhound/cmd/api/src/api/v2/Test_GetApplicationConfigurations","Test_GetApplicationConfigurations"
"Test cases for TestRequestWaitDuration_Negative","2","TestRequestWaitDuration_Negative","","Wed May 13 19:20:49 UTC 2026","passed","Wed May 13 19:20:49 UTC 2026","","Go Test","github.com/specterops/bloodhound/cmd/api/src/api/middleware/TestRequestWaitDuration_Negative","TestRequestWaitDuration_Negative"
"Test cases for TestResources_RequestAnalysis","127","TestResources_RequestAnalysis","","Wed May 13 19:20:56 UTC 2026","passed","Wed May 13 19:20:56 UTC 2026","","Go Test","github.com/specterops/bloodhound/cmd/api/src/api/v2/TestResources_RequestAnalysis","TestResources_RequestAnalysis"
"Test cases for TestManagementResource_ListPermissions_PredicateMismatchWithColumn","0","TestManagementResource_ListPermissions_PredicateMismatchWithColumn","","Wed May 13 19:21:02 UTC 2026","passed","Wed May 13 19:21:02 UTC 2026","","Go Test","github.com/specterops/bloodhound/cmd/api/src/api/v2/auth/TestManagementResource_ListPermissions_PredicateMismatchWithColumn","TestManagementResource_ListPermissions_PredicateMismatchWithColumn"
"","31","sets autoDisplayTable to false if query type is node","useExploreTableAutoDisplay","Wed May 13 19:25:35 UTC 2026","passed","Wed May 13 19:25:35 UTC 2026","","","",""
"Test cases for TestResources_ListADDomainForeignGPOControllers","5","TestResources_ListADDomainForeignGPOControllers","","Wed May 13 19:20:56 UTC 2026","passed","Wed May 13 19:20:56 UTC 2026","","Go Test","github.com/specterops/bloodhound/cmd/api/src/api/v2/TestResources_ListADDomainForeignGPOControllers","TestResources_ListADDomainForeignGPOControllers"
"","56","displays the checkbox as checked if the filter params value is 'true'","AssetGroupEdit","Wed May 13 19:23:30 UTC 2026","passed","Wed May 13 19:23:30 UTC 2026","","Custom Member checkbox filter","",""
"","123","invokes handleFilterChange with eq:true when clicked and custom_member filter is off","AssetGroupEdit","Wed May 13 19:23:30 UTC 2026","passed","Wed May 13 19:23:30 UTC 2026","","Custom Member checkbox filter","",""
"Test cases for TestQueries_GetEntityResults","0","TestQueries_GetEntityResults","","Wed May 13 19:21:02 UTC 2026","passed","Wed May 13 19:21:02 UTC 2026","","Go Test","github.com/specterops/bloodhound/cmd/api/src/queries/TestQueries_GetEntityResults","TestQueries_GetEntityResults"
"","1","runs a node search when the query param is set to ""node""","useExploreGraph","Wed May 13 19:22:53 UTC 2026","passed","Wed May 13 19:22:53 UTC 2026","","exploreGraphQueryFactory","",""
"Test cases for TestTypes_Scan_Success","0","TestTypes_Scan_Success","","Wed May 13 19:20:59 UTC 2026","passed","Wed May 13 19:20:59 UTC 2026","","Go Test","github.com/specterops/bloodhound/cmd/api/src/database/types/TestTypes_Scan_Success","TestTypes_Scan_Success"
"Test cases for TestJSONFloat_UnmarshalJSON","0","TestJSONFloat_UnmarshalJSON","","Wed May 13 19:20:59 UTC 2026","passed","Wed May 13 19:20:59 UTC 2026","","Go Test","github.com/specterops/bloodhound/cmd/api/src/database/types/nan/TestJSONFloat_UnmarshalJSON","TestJSONFloat_UnmarshalJSON"
"","133","renders enabled Zone and Object tabs and disabled Rule tab","Selected Details Tabs","Wed May 13 19:23:55 UTC 2026","passed","Wed May 13 19:23:56 UTC 2026","","Selected Details Tabs - Params present","",""
"","219","calls handleError with ruleType when creating a rule fails","Rule Form","Wed May 13 19:22:10 UTC 2026","passed","Wed May 13 19:22:10 UTC 2026","","","",""
"","3430","collapse all button collapses all sections","Pathfinding","Wed May 13 19:22:37 UTC 2026","passed","Wed May 13 19:22:40 UTC 2026","","","",""
"Test cases for TestManagementResource_ListPermissions_SortingError","0","TestManagementResource_ListPermissions_SortingError","","Wed May 13 19:21:02 UTC 2026","passed","Wed May 13 19:21:02 UTC 2026","","Go Test","github.com/specterops/bloodhound/cmd/api/src/api/v2/auth/TestManagementResource_ListPermissions_SortingError","TestManagementResource_ListPermissions_SortingError"
"","619","should render the cypher search controls when user clicks on cypher tab","ExploreSearch rendering per tab","Wed May 13 19:27:04 UTC 2026","passed","Wed May 13 19:27:04 UTC 2026","","","",""
"Test cases for TestDatabase_GetAssetGroupTag","0","TestDatabase_GetAssetGroupTag","","Wed May 13 19:20:56 UTC 2026","passed","Wed May 13 19:20:56 UTC 2026","","Go Test","github.com/specterops/bloodhound/cmd/api/src/api/v2/TestDatabase_GetAssetGroupTag","TestDatabase_GetAssetGroupTag"
"","0","returns false if value is {}","searchParams","Wed May 13 19:25:05 UTC 2026","passed","Wed May 13 19:25:05 UTC 2026","","isEmptyParam","",""
"","3","wraps a plain value in single quotes","escapeCypherString","Wed May 13 19:26:28 UTC 2026","passed","Wed May 13 19:26:28 UTC 2026","","","",""
"","72","sets autoDisplayTable to false if query returns edges","useExploreTableAutoDisplay","Wed May 13 19:25:35 UTC 2026","passed","Wed May 13 19:25:35 UTC 2026","","","",""
"Test cases for TestResources_ListCAPKIHierarchy","0","TestResources_ListCAPKIHierarchy","","Wed May 13 19:20:56 UTC 2026","passed","Wed May 13 19:20:56 UTC 2026","","Go Test","github.com/specterops/bloodhound/cmd/api/src/api/v2/TestResources_ListCAPKIHierarchy","TestResources_ListCAPKIHierarchy"
"Test cases for TestMarshalInt","0","TestMarshalInt","","Wed May 13 19:20:59 UTC 2026","passed","Wed May 13 19:20:59 UTC 2026","","Go Test","github.com/specterops/bloodhound/cmd/api/src/database/types/null/TestMarshalInt","TestMarshalInt"
"Test cases for TestDetectBOMEncoding","0","TestDetectBOMEncoding","","Wed May 13 19:21:12 UTC 2026","passed","Wed May 13 19:21:12 UTC 2026","","Go Test","github.com/specterops/bloodhound/packages/go/bomenc/TestDetectBOMEncoding","TestDetectBOMEncoding"
"","692","filters by the selected status","FileIngestFilterDialog","Wed May 13 19:23:05 UTC 2026","passed","Wed May 13 19:23:05 UTC 2026","","Status Select","",""
"","0","returns graphData as is if it doesnt match the GraphResponse interface","normalizeGraphDataForSigma","Wed May 13 19:27:41 UTC 2026","passed","Wed May 13 19:27:41 UTC 2026","","","",""
"Test cases for TestManagementResource_ListAuthTokens_NonAdmin","0","TestManagementResource_ListAuthTokens_NonAdmin","","Wed May 13 19:21:23 UTC 2026","passed","Wed May 13 19:21:23 UTC 2026","","Go Test","github.com/specterops/bloodhound/cmd/api/src/api/v2/auth/TestManagementResource_ListAuthTokens_NonAdmin","TestManagementResource_ListAuthTokens_NonAdmin"
"","11","populates the cypher search field with the decoded query when the associated query params are set","useCypherSearch","Wed May 13 19:26:09 UTC 2026","passed","Wed May 13 19:26:09 UTC 2026","","","",""
"Test cases for TestTimePointer","0","TestTimePointer","","Wed May 13 19:20:59 UTC 2026","passed","Wed May 13 19:20:59 UTC 2026","","Go Test","github.com/specterops/bloodhound/cmd/api/src/database/types/null/TestTimePointer","TestTimePointer"
"","15","does not show tooltip text by default","ColumnHeaders","Wed May 13 19:24:27 UTC 2026","passed","Wed May 13 19:24:27 UTC 2026","","SortableHeader with Tooltip","",""
"","130","renders delete buttons for each extension","ActiveExtensionsCard","Wed May 13 19:22:05 UTC 2026","passed","Wed May 13 19:22:06 UTC 2026","","","",""
"","264","The edge properties are fetched through a cypher search which includes lastseen","EdgeObjectInformation","Wed May 13 19:24:44 UTC 2026","passed","Wed May 13 19:24:44 UTC 2026","","","",""
"Test cases for TestManagementResource_DeleteUser_DeleteUserError","659","TestManagementResource_DeleteUser_DeleteUserError","","Wed May 13 19:21:19 UTC 2026","passed","Wed May 13 19:21:20 UTC 2026","","Go Test","github.com/specterops/bloodhound/cmd/api/src/api/v2/auth/TestManagementResource_DeleteUser_DeleteUserError","TestManagementResource_DeleteUser_DeleteUserError"
"Test cases for TestUnique","0","TestUnique","","Wed May 13 19:21:15 UTC 2026","passed","Wed May 13 19:21:15 UTC 2026","","Go Test","github.com/specterops/bloodhound/packages/go/slicesext/TestUnique","TestUnique"
"","1","filters by collected=false when ""no"" filter is active","filterAndSearchEnvironments","Wed May 13 19:22:00 UTC 2026","passed","Wed May 13 19:22:00 UTC 2026","","collected filters","",""
"","57","skips undefined items gracefully","<DetailsAccordion />","Wed May 13 19:23:17 UTC 2026","passed","Wed May 13 19:23:17 UTC 2026","","","",""
"","143","displays active styles for the selected layout when explore table is enabled","GraphControls","Wed May 13 19:22:57 UTC 2026","passed","Wed May 13 19:22:57 UTC 2026","","Selecting a layout","",""
"","136","renders count for a selected zone if prop is set","DynamicDetails","Wed May 13 19:23:46 UTC 2026","passed","Wed May 13 19:23:46 UTC 2026","","","",""
"","192","Verify Vault Reader count is the count returned by All Readers","EntityInfoDataTable","Wed May 13 19:23:05 UTC 2026","passed","Wed May 13 19:23:06 UTC 2026","","Node count for Vault Readers nested table","",""
"","740","should display generate/revoke api tokens button","Api Keys","Wed May 13 19:25:08 UTC 2026","passed","Wed May 13 19:25:09 UTC 2026","","","",""
"Test cases for TestUnmarshalString","0","TestUnmarshalString","","Wed May 13 19:20:59 UTC 2026","passed","Wed May 13 19:20:59 UTC 2026","","Go Test","github.com/specterops/bloodhound/cmd/api/src/database/types/null/TestUnmarshalString","TestUnmarshalString"
"","0","passes ruleType through optionalParams with empty object","handleError","Wed May 13 19:23:01 UTC 2026","passed","Wed May 13 19:23:01 UTC 2026","","","",""
"","507","should not call onSave when Save button is clicked and form input is invalid","CreateUserDialog","Wed May 13 19:22:28 UTC 2026","passed","Wed May 13 19:22:29 UTC 2026","","","",""
"","161","removes a node from an asset group tag","AssetGroupMenuItem","Wed May 13 19:23:26 UTC 2026","passed","Wed May 13 19:23:27 UTC 2026","","","",""
"","0","excludes non-collected environments when risk filter is active","filterAndSearchEnvironments","Wed May 13 19:22:00 UTC 2026","passed","Wed May 13 19:22:00 UTC 2026","","risk filters","",""
"Test cases for TestInt64FromPtr","0","TestInt64FromPtr","","Wed May 13 19:20:59 UTC 2026","passed","Wed May 13 19:20:59 UTC 2026","","Go Test","github.com/specterops/bloodhound/cmd/api/src/database/types/null/TestInt64FromPtr","TestInt64FromPtr"
"","3","A warning is printed when node positions are not available to apply from","applyNodePositionsFromGraphlibGraph","Wed May 13 19:27:30 UTC 2026","passed","Wed May 13 19:27:30 UTC 2026","","","",""
"Test cases for TestResources_GetAssetGroupTagSelectors","1","TestResources_GetAssetGroupTagSelectors","","Wed May 13 19:20:56 UTC 2026","passed","Wed May 13 19:20:56 UTC 2026","","Go Test","github.com/specterops/bloodhound/cmd/api/src/api/v2/TestResources_GetAssetGroupTagSelectors","TestResources_GetAssetGroupTagSelectors"
"","0","No type was provided and no results were available","Getting the text for the disabled item display for a search when there are no results","Wed May 13 19:24:59 UTC 2026","passed","Wed May 13 19:24:59 UTC 2026","","Empty data states","",""
"Test cases for TestManagementResource_DeleteUser_UserBhCtxNotFound","0","TestManagementResource_DeleteUser_UserBhCtxNotFound","","Wed May 13 19:21:18 UTC 2026","passed","Wed May 13 19:21:18 UTC 2026","","Go Test","github.com/specterops/bloodhound/cmd/api/src/api/v2/auth/TestManagementResource_DeleteUser_UserBhCtxNotFound","TestManagementResource_DeleteUser_UserBhCtxNotFound"
"Test cases for TestCreateAssetGroupRequest_AuditData","0","TestCreateAssetGroupRequest_AuditData","","Wed May 13 19:20:56 UTC 2026","passed","Wed May 13 19:20:56 UTC 2026","","Go Test","github.com/specterops/bloodhound/cmd/api/src/api/v2/TestCreateAssetGroupRequest_AuditData","TestCreateAssetGroupRequest_AuditData"
"Test cases for TestBuildErrorResponseInternalServerError","0","TestBuildErrorResponseInternalServerError","","Wed May 13 19:20:45 UTC 2026","passed","Wed May 13 19:20:45 UTC 2026","","Go Test","github.com/specterops/bloodhound/cmd/api/src/api/TestBuildErrorResponseInternalServerError","TestBuildErrorResponseInternalServerError"
"","11","makes no count request when neither a Tag or Rule is selected (tagId and ruleId are undefined from path params","useObjectCounts","Wed May 13 19:26:08 UTC 2026","passed","Wed May 13 19:26:08 UTC 2026","","","",""
"","731","should display all available roles","CreateUserDialog","Wed May 13 19:22:30 UTC 2026","passed","Wed May 13 19:22:30 UTC 2026","","","",""
"","48","should render a navigation list item","MainNav","Wed May 13 19:23:46 UTC 2026","passed","Wed May 13 19:23:46 UTC 2026","","","",""
"","8","should handle special characters","HighlightedText","Wed May 13 19:25:50 UTC 2026","passed","Wed May 13 19:25:50 UTC 2026","","","",""
"","60","calls onSort when clicked with a tooltip","ColumnHeaders","Wed May 13 19:24:28 UTC 2026","passed","Wed May 13 19:24:28 UTC 2026","","SortableHeader with Tooltip","",""
"","36","sets autoDisplayTable to false if query returns nodes only but the enabled prop is false","useExploreTableAutoDisplay","Wed May 13 19:25:35 UTC 2026","passed","Wed May 13 19:25:35 UTC 2026","","","",""
"Test cases for TestGetOrderForNeo4jQuery","0","TestGetOrderForNeo4jQuery","","Wed May 13 19:21:08 UTC 2026","passed","Wed May 13 19:21:08 UTC 2026","","Go Test","github.com/specterops/bloodhound/cmd/api/src/utils/TestGetOrderForNeo4jQuery","TestGetOrderForNeo4jQuery"
"","0","combines platform and collected filters","filterAndSearchEnvironments","Wed May 13 19:22:00 UTC 2026","passed","Wed May 13 19:22:00 UTC 2026","","combined filters","",""
"Test cases for Test_getSearchableNodeKinds","0","Test_getSearchableNodeKinds","","Wed May 13 19:20:56 UTC 2026","passed","Wed May 13 19:20:56 UTC 2026","","Go Test","github.com/specterops/bloodhound/cmd/api/src/api/v2/Test_getSearchableNodeKinds","Test_getSearchableNodeKinds"
"Test cases for TestSignRequestTeeFailure","0","TestSignRequestTeeFailure","","Wed May 13 19:20:45 UTC 2026","passed","Wed May 13 19:20:45 UTC 2026","","Go Test","github.com/specterops/bloodhound/cmd/api/src/api/TestSignRequestTeeFailure","TestSignRequestTeeFailure"
"","29","sets autoDisplayTable to false if query returns no results","useExploreTableAutoDisplay","Wed May 13 19:25:35 UTC 2026","passed","Wed May 13 19:25:35 UTC 2026","","","",""
"","2728","search forces sections to expand when there is a match","Pathfinding","Wed May 13 19:22:48 UTC 2026","passed","Wed May 13 19:22:51 UTC 2026","","","",""
"","14","returns a prefer wait in the header when db config timeout limit setting is disabled and state of is disable query limit is true","useExploreGraph","Wed May 13 19:22:53 UTC 2026","passed","Wed May 13 19:22:53 UTC 2026","userSettings","exploreGraphQueryFactory","",""
"Test cases for TestResources_ImportSavedQuery","22","TestResources_ImportSavedQuery","","Wed May 13 19:20:56 UTC 2026","passed","Wed May 13 19:20:56 UTC 2026","","Go Test","github.com/specterops/bloodhound/cmd/api/src/api/v2/TestResources_ImportSavedQuery","TestResources_ImportSavedQuery"
"Test cases for TestResources_ListExtensions","71","TestResources_ListExtensions","","Wed May 13 19:20:56 UTC 2026","passed","Wed May 13 19:20:56 UTC 2026","","Go Test","github.com/specterops/bloodhound/cmd/api/src/api/v2/TestResources_ListExtensions","TestResources_ListExtensions"
"","574","renders the form for creating a new rule","Rule Form","Wed May 13 19:22:02 UTC 2026","passed","Wed May 13 19:22:03 UTC 2026","","","",""
"","224","renders the form for editing an existing zone","Tag Form","Wed May 13 19:21:46 UTC 2026","passed","Wed May 13 19:21:47 UTC 2026","","","",""
"","6","removes key from state","useObjectState","Wed May 13 19:25:51 UTC 2026","passed","Wed May 13 19:25:51 UTC 2026","","","",""
"Test cases for TestRoleAssignments_NodeHasRole","1","TestRoleAssignments_NodeHasRole","","Wed May 13 19:21:12 UTC 2026","passed","Wed May 13 19:21:12 UTC 2026","","Go Test","github.com/specterops/bloodhound/packages/go/analysis/azure/TestRoleAssignments_NodeHasRole","TestRoleAssignments_NodeHasRole"
"Test cases for Test_filterAndFormatSearchResults","0","Test_filterAndFormatSearchResults","","Wed May 13 19:20:56 UTC 2026","passed","Wed May 13 19:20:56 UTC 2026","","Go Test","github.com/specterops/bloodhound/cmd/api/src/api/v2/Test_filterAndFormatSearchResults","Test_filterAndFormatSearchResults"
"","431","calls setFilters when the Confirm button is clicked","Privilege Zones History Filter Dialog","Wed May 13 19:24:04 UTC 2026","passed","Wed May 13 19:24:05 UTC 2026","","","",""
"Test cases for TestParseGroupMiscData","1","TestParseGroupMiscData","","Wed May 13 19:21:13 UTC 2026","passed","Wed May 13 19:21:13 UTC 2026","","Go Test","github.com/specterops/bloodhound/packages/go/ein/TestParseGroupMiscData","TestParseGroupMiscData"
"Test cases for TestIntEqual","0","TestIntEqual","","Wed May 13 19:20:59 UTC 2026","passed","Wed May 13 19:20:59 UTC 2026","","Go Test","github.com/specterops/bloodhound/cmd/api/src/database/types/null/TestIntEqual","TestIntEqual"
"Test cases for TestEncodingEquality","0","TestEncodingEquality","","Wed May 13 19:21:12 UTC 2026","passed","Wed May 13 19:21:12 UTC 2026","","Go Test","github.com/specterops/bloodhound/packages/go/bomenc/TestEncodingEquality","TestEncodingEquality"
"","205","should display ""Close"" button","UserTokenManagementDialog","Wed May 13 19:23:09 UTC 2026","passed","Wed May 13 19:23:09 UTC 2026","","","",""
"","669","should render","ExploreTable","Wed May 13 19:21:40 UTC 2026","passed","Wed May 13 19:21:41 UTC 2026","","","",""
"","1620","renders a table if the query has NO node edges","GraphView","Wed May 13 19:27:20 UTC 2026","passed","Wed May 13 19:27:22 UTC 2026","","","",""
"","0","returns empty arrays when kinds data has empty arrays","graphSchema","Wed May 13 19:26:06 UTC 2026","passed","Wed May 13 19:26:06 UTC 2026","","","",""
"Test cases for TestGetLatestQueryParameter","0","TestGetLatestQueryParameter","","Wed May 13 19:20:56 UTC 2026","passed","Wed May 13 19:20:56 UTC 2026","","Go Test","github.com/specterops/bloodhound/cmd/api/src/api/v2/TestGetLatestQueryParameter","TestGetLatestQueryParameter"
"","524","has status filters","FileIngestFilterDialog","Wed May 13 19:23:04 UTC 2026","passed","Wed May 13 19:23:05 UTC 2026","","Status Select","",""
"Test cases for TestTextUnmarshalFloat","0","TestTextUnmarshalFloat","","Wed May 13 19:20:59 UTC 2026","passed","Wed May 13 19:20:59 UTC 2026","","Go Test","github.com/specterops/bloodhound/cmd/api/src/database/types/null/TestTextUnmarshalFloat","TestTextUnmarshalFloat"
"","1751","expand/collapse all buttons are disabled when searching","Pathfinding","Wed May 13 19:22:51 UTC 2026","passed","Wed May 13 19:22:52 UTC 2026","","","",""
"","562","should call onSubmit with initiation_url of selected SSO provider","LoginViaSSOForm","Wed May 13 19:25:03 UTC 2026","passed","Wed May 13 19:25:03 UTC 2026","","","",""
"Test cases for TestConvertDomainToNode_DomainInvalidProperties","0","TestConvertDomainToNode_DomainInvalidProperties","","Wed May 13 19:21:13 UTC 2026","passed","Wed May 13 19:21:13 UTC 2026","","Go Test","github.com/specterops/bloodhound/packages/go/ein/TestConvertDomainToNode_DomainInvalidProperties","TestConvertDomainToNode_DomainInvalidProperties"
"","475","when an `inputValue` is provided it eventually displays a list of search results","ExploreSearchCombobox","Wed May 13 19:23:31 UTC 2026","passed","Wed May 13 19:23:31 UTC 2026","","","",""
"","741","should call onSave when Save button is clicked and form input is valid","UpdateUserDialog","Wed May 13 19:22:38 UTC 2026","passed","Wed May 13 19:22:39 UTC 2026","","","",""
"Test cases for TestManagementResource_ListUsers_PredicateMismatchWithColumn","0","TestManagementResource_ListUsers_PredicateMismatchWithColumn","","Wed May 13 19:21:02 UTC 2026","passed","Wed May 13 19:21:02 UTC 2026","","Go Test","github.com/specterops/bloodhound/cmd/api/src/api/v2/auth/TestManagementResource_ListUsers_PredicateMismatchWithColumn","TestManagementResource_ListUsers_PredicateMismatchWithColumn"
"Test cases for Test_FixtureTeardown","0","Test_FixtureTeardown","","Wed May 13 19:21:14 UTC 2026","passed","Wed May 13 19:21:14 UTC 2026","","Go Test","github.com/specterops/bloodhound/packages/go/lab/Test_FixtureTeardown","Test_FixtureTeardown"
"Test cases for TestResources_GetAssetGroupMemberCount_Success","0","TestResources_GetAssetGroupMemberCount_Success","","Wed May 13 19:20:56 UTC 2026","passed","Wed May 13 19:20:56 UTC 2026","","Go Test","github.com/specterops/bloodhound/cmd/api/src/api/v2/TestResources_GetAssetGroupMemberCount_Success","TestResources_GetAssetGroupMemberCount_Success"
"Test cases for TestManagementResource_ServeMetadata","7","TestManagementResource_ServeMetadata","","Wed May 13 19:21:31 UTC 2026","passed","Wed May 13 19:21:31 UTC 2026","","Go Test","github.com/specterops/bloodhound/cmd/api/src/api/v2/auth/TestManagementResource_ServeMetadata","TestManagementResource_ServeMetadata"
"","63","returns the full environment for the environmentid passed","useAvailableEnvironments","Wed May 13 19:24:07 UTC 2026","passed","Wed May 13 19:24:07 UTC 2026","","useSelectedEnvironment","",""
"","113","should not display a badge when role based filtering is true and show filter banner is false by default","EntityInfoPanel","Wed May 13 19:25:37 UTC 2026","passed","Wed May 13 19:25:37 UTC 2026","","","",""
"","0","EXTENDED ROUNDING when thresholds are set: abbreviates numbers larger than 1000 and should not round the tenth place digit","numberFormatting","Wed May 13 19:24:29 UTC 2026","passed","Wed May 13 19:24:29 UTC 2026","","","",""
"Test cases for TestResources_DeleteSavedQuery_DBError","0","TestResources_DeleteSavedQuery_DBError","","Wed May 13 19:20:56 UTC 2026","passed","Wed May 13 19:20:56 UTC 2026","","Go Test","github.com/specterops/bloodhound/cmd/api/src/api/v2/TestResources_DeleteSavedQuery_DBError","TestResources_DeleteSavedQuery_DBError"
"","458","renders trigger button and dropdown items","TagToZoneLabel","Wed May 13 19:21:55 UTC 2026","passed","Wed May 13 19:21:56 UTC 2026","","","",""
"","303","displays 0 when a given sections returns empty, and sums the rest of the sections correctly","EntityInfoDataTable","Wed May 13 19:23:05 UTC 2026","passed","Wed May 13 19:23:05 UTC 2026","","Node count for nested table that counts all sections","",""
"","5895","filter selections are rolled back if user closes modal with the cancel button","EdgeFilter","Wed May 13 19:24:21 UTC 2026","passed","Wed May 13 19:24:27 UTC 2026","","","",""
"Test cases for TestManagementResource_CreateOIDCProvider","1","TestManagementResource_CreateOIDCProvider","","Wed May 13 19:21:31 UTC 2026","passed","Wed May 13 19:21:31 UTC 2026","","Go Test","github.com/specterops/bloodhound/cmd/api/src/api/v2/auth/TestManagementResource_CreateOIDCProvider","TestManagementResource_CreateOIDCProvider"
"","69","should have a .z-nav class","MainNav","Wed May 13 19:23:47 UTC 2026","passed","Wed May 13 19:23:47 UTC 2026","","","",""
"","22","selector members refetches on envrionment change","the useAssetGroupTags utilities","Wed May 13 19:23:14 UTC 2026","passed","Wed May 13 19:23:14 UTC 2026","","","",""
"","2","prevents Sigma defaults events","preventAllDefaults","Wed May 13 19:27:47 UTC 2026","passed","Wed May 13 19:27:47 UTC 2026","","","",""
"Test cases for TestManagementResource_ListAuthTokens_Admin","0","TestManagementResource_ListAuthTokens_Admin","","Wed May 13 19:21:23 UTC 2026","passed","Wed May 13 19:21:23 UTC 2026","","Go Test","github.com/specterops/bloodhound/cmd/api/src/api/v2/auth/TestManagementResource_ListAuthTokens_Admin","TestManagementResource_ListAuthTokens_Admin"
"","130","does not open the dialog when the user does not have the opengraph write permission","SchemaUploadDialog","Wed May 13 19:22:57 UTC 2026","passed","Wed May 13 19:22:58 UTC 2026","","","",""
"","351","displays an autofocused text input","SearchCurrentNodes","Wed May 13 19:24:41 UTC 2026","passed","Wed May 13 19:24:42 UTC 2026","","","",""
"","269","renders headers","CommonSearches","Wed May 13 19:23:20 UTC 2026","passed","Wed May 13 19:23:20 UTC 2026","","","",""
"","2","should recognize azure properties","validating a node property against the shared generated schema","Wed May 13 19:23:24 UTC 2026","passed","Wed May 13 19:23:24 UTC 2026","","","",""
"","203","handles chevron click event","CommonSearches","Wed May 13 19:23:22 UTC 2026","passed","Wed May 13 19:23:22 UTC 2026","","","",""
"","0","returns the difference between the node and the position","getNodeOffset","Wed May 13 19:27:42 UTC 2026","passed","Wed May 13 19:27:42 UTC 2026","","","",""
"","880","should hide Environmental Targeted Access Control panel when showEnvironmentAccessControls prop is true and power user role is selected","CreateUserForm","Wed May 13 19:22:17 UTC 2026","passed","Wed May 13 19:22:18 UTC 2026","","","",""
"","27","disables the upload button and does not populate a table if the user lacks the permission","File Upload","Wed May 13 19:24:07 UTC 2026","passed","Wed May 13 19:24:07 UTC 2026","","","",""
"","21","the ID value reflects the URL when it is available","usePZQueryParams","Wed May 13 19:24:46 UTC 2026","passed","Wed May 13 19:24:46 UTC 2026","","","",""
"","1","returns the same nodes from the graphData","getExploreTableData","Wed May 13 19:24:31 UTC 2026","passed","Wed May 13 19:24:31 UTC 2026","","","",""
"Test cases for TestBuildErrorResponseDefault","0","TestBuildErrorResponseDefault","","Wed May 13 19:20:45 UTC 2026","passed","Wed May 13 19:20:45 UTC 2026","","Go Test","github.com/specterops/bloodhound/cmd/api/src/api/TestBuildErrorResponseDefault","TestBuildErrorResponseDefault"
"","273","should call the checkbox filter function when clicking on a checkbox input","Checkbox group","Wed May 13 19:26:19 UTC 2026","passed","Wed May 13 19:26:20 UTC 2026","","","",""
"","1189","should display a dropdown when a user types a partial query that can be autocompleted","CypherSearch","Wed May 13 19:22:31 UTC 2026","passed","Wed May 13 19:22:32 UTC 2026","","","",""
"Test cases for TestIsValidClientVersion","0","TestIsValidClientVersion","","Wed May 13 19:21:08 UTC 2026","passed","Wed May 13 19:21:08 UTC 2026","","Go Test","github.com/specterops/bloodhound/cmd/api/src/utils/TestIsValidClientVersion","TestIsValidClientVersion"
"","4","does not return when label limit is not reached","useTagLimits","Wed May 13 19:22:23 UTC 2026","passed","Wed May 13 19:22:23 UTC 2026","","","",""
"Test cases for TestGenerateTOTPSecret","6","TestGenerateTOTPSecret","","Wed May 13 19:20:57 UTC 2026","passed","Wed May 13 19:20:57 UTC 2026","","Go Test","github.com/specterops/bloodhound/cmd/api/src/auth/TestGenerateTOTPSecret","TestGenerateTOTPSecret"
"Test cases for TestParseOptionalBoolMisspelledValue","0","TestParseOptionalBoolMisspelledValue","","Wed May 13 19:20:45 UTC 2026","passed","Wed May 13 19:20:45 UTC 2026","","Go Test","github.com/specterops/bloodhound/cmd/api/src/api/TestParseOptionalBoolMisspelledValue","TestParseOptionalBoolMisspelledValue"
"","10","upon performing a search, updates the url params with the base64-encoded current query and sets searchType to 'cypher'","useCypherSearch","Wed May 13 19:26:09 UTC 2026","passed","Wed May 13 19:26:09 UTC 2026","","","",""
"Test cases for TestToolContainer_GetScheduledAnalysisConfiguration_Errors","2","TestToolContainer_GetScheduledAnalysisConfiguration_Errors","","Wed May 13 19:20:49 UTC 2026","passed","Wed May 13 19:20:49 UTC 2026","","Go Test","github.com/specterops/bloodhound/cmd/api/src/api/tools/TestToolContainer_GetScheduledAnalysisConfiguration_Errors","TestToolContainer_GetScheduledAnalysisConfiguration_Errors"
"Test cases for TestTracker_ConcurrentHasEdge","1","TestTracker_ConcurrentHasEdge","","Wed May 13 19:21:12 UTC 2026","passed","Wed May 13 19:21:12 UTC 2026","","Go Test","github.com/specterops/bloodhound/packages/go/analysis/post/TestTracker_ConcurrentHasEdge","TestTracker_ConcurrentHasEdge"
"Test cases for Test_sortAndSliceResults_limit","0","Test_sortAndSliceResults_limit","","Wed May 13 19:21:01 UTC 2026","passed","Wed May 13 19:21:01 UTC 2026","","Go Test","github.com/specterops/bloodhound/cmd/api/src/queries/Test_sortAndSliceResults_limit","Test_sortAndSliceResults_limit"
"","119","renders correctly","NodeIcon","Wed May 13 19:25:56 UTC 2026","passed","Wed May 13 19:25:56 UTC 2026","","","",""
"Test cases for TestParseIntQueryParameter","62","TestParseIntQueryParameter","","Wed May 13 19:20:56 UTC 2026","passed","Wed May 13 19:20:56 UTC 2026","","Go Test","github.com/specterops/bloodhound/cmd/api/src/api/v2/TestParseIntQueryParameter","TestParseIntQueryParameter"
"Test cases for Test_PrimaryNodeKind","0","Test_PrimaryNodeKind","","Wed May 13 19:21:13 UTC 2026","passed","Wed May 13 19:21:13 UTC 2026","","Go Test","github.com/specterops/bloodhound/packages/go/graphschema/Test_PrimaryNodeKind","Test_PrimaryNodeKind"
"","62","enables correctly returning the tag associated with Tier Zero (position value of 1) from the list of tags","the useAssetGroupTags utilities","Wed May 13 19:23:14 UTC 2026","passed","Wed May 13 19:23:14 UTC 2026","","","",""
"","66","passes the check for at least one permission if the user is missing one of many required permissions","usePermissions","Wed May 13 19:23:36 UTC 2026","passed","Wed May 13 19:23:36 UTC 2026","","","",""
"","154","should display a ""Reset Password"" button","UserProfile","Wed May 13 19:23:42 UTC 2026","passed","Wed May 13 19:23:42 UTC 2026","","","",""
"","155","shows formatted expiration date (yyyy-MM-dd) when expires_at is set","UserTokenManagementDialog - API Expiration Date column","Wed May 13 19:23:10 UTC 2026","passed","Wed May 13 19:23:10 UTC 2026","","","",""
"Test cases for TestGenericMap","0","TestGenericMap","","Wed May 13 19:21:08 UTC 2026","passed","Wed May 13 19:21:08 UTC 2026","","Go Test","github.com/specterops/bloodhound/cmd/api/src/utils/TestGenericMap","TestGenericMap"
"","144","does not trigger search for fewer than 3 characters","SearchBar","Wed May 13 19:26:23 UTC 2026","passed","Wed May 13 19:26:24 UTC 2026","","","",""
"Test cases for TestMarshalInt64","0","TestMarshalInt64","","Wed May 13 19:20:59 UTC 2026","passed","Wed May 13 19:20:59 UTC 2026","","Go Test","github.com/specterops/bloodhound/cmd/api/src/database/types/null/TestMarshalInt64","TestMarshalInt64"
"","2955","Sort arrow is visible and direction is correct","ExploreTable","Wed May 13 19:21:56 UTC 2026","passed","Wed May 13 19:21:59 UTC 2026","","","",""
"","63","should render when search string is at the beginning of the text","HighlightedText","Wed May 13 19:25:50 UTC 2026","passed","Wed May 13 19:25:50 UTC 2026","","","",""
"Test cases for TestDummyHA","0","TestDummyHA","","Wed May 13 19:20:58 UTC 2026","passed","Wed May 13 19:20:58 UTC 2026","","Go Test","github.com/specterops/bloodhound/cmd/api/src/daemons/changelog/TestDummyHA","TestDummyHA"
"","168","allows a user to upload a single file and displays its name in the dialog","SchemaUploadDialog","Wed May 13 19:22:58 UTC 2026","passed","Wed May 13 19:22:58 UTC 2026","","","",""
"","145","respects openIndex (default opened panel)","<DetailsAccordion />","Wed May 13 19:23:17 UTC 2026","passed","Wed May 13 19:23:17 UTC 2026","","","",""
"Test cases for TestCORSMiddleware","0","TestCORSMiddleware","","Wed May 13 19:20:49 UTC 2026","passed","Wed May 13 19:20:49 UTC 2026","","Go Test","github.com/specterops/bloodhound/cmd/api/src/api/middleware/TestCORSMiddleware","TestCORSMiddleware"
"Test cases for TestDefineSID","0","TestDefineSID","","Wed May 13 19:21:12 UTC 2026","passed","Wed May 13 19:21:12 UTC 2026","","Go Test","github.com/specterops/bloodhound/packages/go/analysis/ad/wellknown/TestDefineSID","TestDefineSID"
"Test cases for TestResources_UpdateAssetGroupTagSelector","3","TestResources_UpdateAssetGroupTagSelector","","Wed May 13 19:20:56 UTC 2026","passed","Wed May 13 19:20:56 UTC 2026","","Go Test","github.com/specterops/bloodhound/cmd/api/src/api/v2/TestResources_UpdateAssetGroupTagSelector","TestResources_UpdateAssetGroupTagSelector"
"","112","should render all of the options as checkboxes","Checkbox group","Wed May 13 19:26:19 UTC 2026","passed","Wed May 13 19:26:19 UTC 2026","","","",""
"","285","should render a TagToZoneLabelDialog component","TagToZoneLabelDialog","Wed May 13 19:24:34 UTC 2026","passed","Wed May 13 19:24:34 UTC 2026","","","",""
"","104","should call onCancel when return to login button clicked","PasswordResetForm","Wed May 13 19:24:15 UTC 2026","passed","Wed May 13 19:24:16 UTC 2026","","","",""
"Test cases for TestTracker_HasEdge_DuplicateCalls","0","TestTracker_HasEdge_DuplicateCalls","","Wed May 13 19:21:12 UTC 2026","passed","Wed May 13 19:21:12 UTC 2026","","Go Test","github.com/specterops/bloodhound/packages/go/analysis/post/TestTracker_HasEdge_DuplicateCalls","TestTracker_HasEdge_DuplicateCalls"
"","126","calls handleInitialEnvironment with the highest impactValue as the initial environment","useInitialEnvironment","Wed May 13 19:25:28 UTC 2026","passed","Wed May 13 19:25:28 UTC 2026","","","",""
"","64","should display ""Password"" input","Enable2FADialog","Wed May 13 19:25:13 UTC 2026","passed","Wed May 13 19:25:13 UTC 2026","","","",""
"","1402","should call the setCypherQuery handler when the value in the editor changes","CypherSearch","Wed May 13 19:22:29 UTC 2026","passed","Wed May 13 19:22:31 UTC 2026","","","",""
"","961","renders asset group edit options with graph write permissions","ContextMenu","Wed May 13 19:27:15 UTC 2026","passed","Wed May 13 19:27:16 UTC 2026","","","",""
"Test cases for TestResources_EndIngestJob","71","TestResources_EndIngestJob","","Wed May 13 19:20:56 UTC 2026","passed","Wed May 13 19:20:56 UTC 2026","","Go Test","github.com/specterops/bloodhound/cmd/api/src/api/v2/TestResources_EndIngestJob","TestResources_EndIngestJob"
"","0","EXTENDED ROUNDING when thresholds are set: does not abbreviate numbers < 10000","numberFormatting","Wed May 13 19:24:29 UTC 2026","passed","Wed May 13 19:24:29 UTC 2026","","","",""
"","1134","shows a table with partially completed jobs","FileIngestTable","Wed May 13 19:24:12 UTC 2026","passed","Wed May 13 19:24:13 UTC 2026","","","",""
"","0","handles an empty string","escapeCypherString","Wed May 13 19:26:28 UTC 2026","passed","Wed May 13 19:26:28 UTC 2026","","","",""
"Test cases for TestResources_ListADGPOAffectedUsers","0","TestResources_ListADGPOAffectedUsers","","Wed May 13 19:20:56 UTC 2026","passed","Wed May 13 19:20:56 UTC 2026","","Go Test","github.com/specterops/bloodhound/cmd/api/src/api/v2/TestResources_ListADGPOAffectedUsers","TestResources_ListADGPOAffectedUsers"
"","10","takes a string and copys to the navigator clipboard","copyToClipboard","Wed May 13 19:26:43 UTC 2026","passed","Wed May 13 19:26:43 UTC 2026","","","",""
"","30","shows the direct object empty and expanded object list empty, when no results in both","Seed Selection Results","Wed May 13 19:23:13 UTC 2026","passed","Wed May 13 19:23:13 UTC 2026","","","",""
"","0","should appropriately handle edges that contain underscores","getEdgeDataFromKey","Wed May 13 19:27:42 UTC 2026","passed","Wed May 13 19:27:42 UTC 2026","","","",""
"","16","allows you to update the list of selected filters, only updating the url after calling the apply function","usePathfindingFilters","Wed May 13 19:26:00 UTC 2026","passed","Wed May 13 19:26:00 UTC 2026","","","",""
"","1","filters by critical risk level","filterAndSearchEnvironments","Wed May 13 19:22:00 UTC 2026","passed","Wed May 13 19:22:00 UTC 2026","","risk filters","",""
"","202","on clicking switch shows modal and when clicking confirm closes it and switch changes to enabled","CitrixRDPConfiguration","Wed May 13 19:23:36 UTC 2026","passed","Wed May 13 19:23:36 UTC 2026","","Click on switch to enable","",""
"Test cases for Test_SetDependency","0","Test_SetDependency","","Wed May 13 19:21:14 UTC 2026","passed","Wed May 13 19:21:14 UTC 2026","","Go Test","github.com/specterops/bloodhound/packages/go/lab/Test_SetDependency","Test_SetDependency"
"","238","fires delete when edit is clicked","ListItemActionMenu","Wed May 13 19:25:05 UTC 2026","passed","Wed May 13 19:25:05 UTC 2026","","","",""
"Test cases for TestResources_GetNTAuthStoreEntityInfo","189","TestResources_GetNTAuthStoreEntityInfo","","Wed May 13 19:20:56 UTC 2026","passed","Wed May 13 19:20:56 UTC 2026","","Go Test","github.com/specterops/bloodhound/cmd/api/src/api/v2/TestResources_GetNTAuthStoreEntityInfo","TestResources_GetNTAuthStoreEntityInfo"
"","153","renders a snackbar notification in the dom and tests the long autoHideDuration","AppNotifications","Wed May 13 19:25:19 UTC 2026","passed","Wed May 13 19:25:19 UTC 2026","","","",""
"","472","should call onSubmit with one time passcode when check code button clicked","OneTimePasscodeForm","Wed May 13 19:25:46 UTC 2026","passed","Wed May 13 19:25:46 UTC 2026","","","",""
"","2","returns paramValue if it is one of the expected values","useExploreParams","Wed May 13 19:26:39 UTC 2026","passed","Wed May 13 19:26:39 UTC 2026","","parseSearchType","",""
"","0","returns true if arrays are equal","areArraysSimilar","Wed May 13 19:26:14 UTC 2026","passed","Wed May 13 19:26:14 UTC 2026","","","",""
"Test cases for Test_filterAndFormatSearchResults_filterEnvironmentsOG","0","Test_filterAndFormatSearchResults_filterEnvironmentsOG","","Wed May 13 19:20:56 UTC 2026","passed","Wed May 13 19:20:56 UTC 2026","","Go Test","github.com/specterops/bloodhound/cmd/api/src/api/v2/Test_filterAndFormatSearchResults_filterEnvironmentsOG","Test_filterAndFormatSearchResults_filterEnvironmentsOG"
"","269","should display a ""Configure Multi-Factor Authentication"" modal","UserProfile","Wed May 13 19:23:43 UTC 2026","passed","Wed May 13 19:23:43 UTC 2026","","""Multi-Factor Authentication"" switch","",""
"","200","disables any available button toggles if the user lacks the permission","EarlyAccessFeatures","Wed May 13 19:27:26 UTC 2026","passed","Wed May 13 19:27:26 UTC 2026","","","",""
"","2","returns all environments when no filters are active","filterAndSearchEnvironments","Wed May 13 19:22:00 UTC 2026","passed","Wed May 13 19:22:00 UTC 2026","","with no filters applied","",""
"","182","renders with a title","BloodHoundConfiguration","Wed May 13 19:27:47 UTC 2026","passed","Wed May 13 19:27:47 UTC 2026","","","",""
"","36","returns when zone limit is reached","useTagLimits","Wed May 13 19:22:23 UTC 2026","passed","Wed May 13 19:22:23 UTC 2026","","","",""
"Test cases for TestResources_ListAuditLogs_PredicateMismatchWithColumn","0","TestResources_ListAuditLogs_PredicateMismatchWithColumn","","Wed May 13 19:20:56 UTC 2026","passed","Wed May 13 19:20:56 UTC 2026","","Go Test","github.com/specterops/bloodhound/cmd/api/src/api/v2/TestResources_ListAuditLogs_PredicateMismatchWithColumn","TestResources_ListAuditLogs_PredicateMismatchWithColumn"
"","1","should include a tag with only the matching operations when the path matches","opsFilter","Wed May 13 19:25:34 UTC 2026","passed","Wed May 13 19:25:34 UTC 2026","","","",""
"","228","displays an error when unable to fetch data","EarlyAccessFeatures","Wed May 13 19:27:26 UTC 2026","passed","Wed May 13 19:27:26 UTC 2026","","","",""
"","1461","shows the ""Disable MFA"" context menu option for users with MFA enabled","Users","Wed May 13 19:23:57 UTC 2026","passed","Wed May 13 19:23:59 UTC 2026","","","",""
"Test cases for TestManagementResource_DeleteUser_Success","662","TestManagementResource_DeleteUser_Success","","Wed May 13 19:21:20 UTC 2026","passed","Wed May 13 19:21:20 UTC 2026","","Go Test","github.com/specterops/bloodhound/cmd/api/src/api/v2/auth/TestManagementResource_DeleteUser_Success","TestManagementResource_DeleteUser_Success"
"","39","renders the title passed via title prop","ColumnHeaders","Wed May 13 19:24:27 UTC 2026","passed","Wed May 13 19:24:27 UTC 2026","","SortableHeader","",""
"","7","does not render note content when selected is null","HistoryNotes Component","Wed May 13 19:26:18 UTC 2026","passed","Wed May 13 19:26:18 UTC 2026","","","",""
"Test cases for FuzzFoldlLazy","0","FuzzFoldlLazy","","Wed May 13 19:21:15 UTC 2026","passed","Wed May 13 19:21:15 UTC 2026","","Go Test","github.com/specterops/bloodhound/packages/go/slicesext/FuzzFoldlLazy","FuzzFoldlLazy"
"","364","should not have less characters than the minimum requirement","UpdateUserForm","Wed May 13 19:21:54 UTC 2026","passed","Wed May 13 19:21:55 UTC 2026","","","",""
"","225","toggles sort order when clicking sortable header","ObjectsAccordion","Wed May 13 19:24:39 UTC 2026","passed","Wed May 13 19:24:39 UTC 2026","","","",""
"","2416","should render expand all and collapse all buttons","Pathfinding","Wed May 13 19:22:15 UTC 2026","passed","Wed May 13 19:22:18 UTC 2026","","","",""
"","19","does not set input text if no value is given","ManagedDatePicker - value","Wed May 13 19:24:24 UTC 2026","passed","Wed May 13 19:24:24 UTC 2026","","","",""
"","724","renders the node in the entity panel when member is clicked","GroupManagement","Wed May 13 19:27:27 UTC 2026","passed","Wed May 13 19:27:27 UTC 2026","","","",""
"","69","button is disabled when note is falsy","NoteCell component","Wed May 13 19:25:15 UTC 2026","passed","Wed May 13 19:25:16 UTC 2026","","","",""
"Test cases for TestResources_OpenGraphSchemaIngest","3","TestResources_OpenGraphSchemaIngest","","Wed May 13 19:20:56 UTC 2026","passed","Wed May 13 19:20:56 UTC 2026","","Go Test","github.com/specterops/bloodhound/cmd/api/src/api/v2/TestResources_OpenGraphSchemaIngest","TestResources_OpenGraphSchemaIngest"
"Test cases for Test_ParseAndValidatePayload","3","Test_ParseAndValidatePayload","","Wed May 13 19:21:05 UTC 2026","passed","Wed May 13 19:21:05 UTC 2026","","Go Test","github.com/specterops/bloodhound/cmd/api/src/services/upload/Test_ParseAndValidatePayload","Test_ParseAndValidatePayload"
"","414","does fires TagToZoneDialog when the Zone option is clicked","TagToZoneLabel","Wed May 13 19:21:56 UTC 2026","passed","Wed May 13 19:21:56 UTC 2026","","","",""
"","468","navigates to object details when clicking an object row","ObjectsAccordion","Wed May 13 19:25:38 UTC 2026","passed","Wed May 13 19:25:39 UTC 2026","","","",""
"Test cases for Test_parseLatestVersion","1","Test_parseLatestVersion","","Wed May 13 19:21:17 UTC 2026","passed","Wed May 13 19:21:17 UTC 2026","","Go Test","github.com/specterops/bloodhound/packages/go/stbernard/git/Test_parseLatestVersion","Test_parseLatestVersion"
"","366","navigates to object details when clicking an object row","ObjectsAccordion","Wed May 13 19:24:39 UTC 2026","passed","Wed May 13 19:24:40 UTC 2026","","","",""
"","224","Hides selector information if additionalSections is false","EntityInfoDataTableList","Wed May 13 19:24:38 UTC 2026","passed","Wed May 13 19:24:38 UTC 2026","","","",""
"Test cases for TestResources_DeleteExtension","58","TestResources_DeleteExtension","","Wed May 13 19:20:56 UTC 2026","passed","Wed May 13 19:20:56 UTC 2026","","Go Test","github.com/specterops/bloodhound/cmd/api/src/api/v2/TestResources_DeleteExtension","TestResources_DeleteExtension"
"Test cases for TestStringPointer","0","TestStringPointer","","Wed May 13 19:20:59 UTC 2026","passed","Wed May 13 19:20:59 UTC 2026","","Go Test","github.com/specterops/bloodhound/cmd/api/src/database/types/null/TestStringPointer","TestStringPointer"
"","762","should not allow the input to exceed the allowed length","UpdateUserForm","Wed May 13 19:21:54 UTC 2026","passed","Wed May 13 19:21:54 UTC 2026","","","",""
"","145","calls clickHandler when a line item is clicked","PrebuiltSearchList","Wed May 13 19:24:31 UTC 2026","passed","Wed May 13 19:24:31 UTC 2026","","","",""
"","0","should compute offset vertices for bezier curves at a given intersection","bezier","Wed May 13 19:27:26 UTC 2026","passed","Wed May 13 19:27:26 UTC 2026","","","",""
"Test cases for TestResources_GetEnterpriseCAEntityInfo","193","TestResources_GetEnterpriseCAEntityInfo","","Wed May 13 19:20:56 UTC 2026","passed","Wed May 13 19:20:56 UTC 2026","","Go Test","github.com/specterops/bloodhound/cmd/api/src/api/v2/TestResources_GetEnterpriseCAEntityInfo","TestResources_GetEnterpriseCAEntityInfo"
"Test cases for TestIsValidEmail","0","TestIsValidEmail","","Wed May 13 19:21:08 UTC 2026","passed","Wed May 13 19:21:08 UTC 2026","","Go Test","github.com/specterops/bloodhound/cmd/api/src/utils/TestIsValidEmail","TestIsValidEmail"
"Test cases for TestContextMiddleware","0","TestContextMiddleware","","Wed May 13 19:20:49 UTC 2026","passed","Wed May 13 19:20:49 UTC 2026","","Go Test","github.com/specterops/bloodhound/cmd/api/src/api/middleware/TestContextMiddleware","TestContextMiddleware"
"","246","can render","ExploreSearchCombobox","Wed May 13 19:23:31 UTC 2026","passed","Wed May 13 19:23:31 UTC 2026","","","",""
"Test cases for TestDomainSelectors_GetFilterableColumns","0","TestDomainSelectors_GetFilterableColumns","","Wed May 13 19:20:59 UTC 2026","passed","Wed May 13 19:20:59 UTC 2026","","Go Test","github.com/specterops/bloodhound/cmd/api/src/model/TestDomainSelectors_GetFilterableColumns","TestDomainSelectors_GetFilterableColumns"
"Test cases for TestOpenGraphSchemaService_GetEnvironmentKindsAndEnvironmentExtensionDisplayNames","3","TestOpenGraphSchemaService_GetEnvironmentKindsAndEnvironmentExtensionDisplayNames","","Wed May 13 19:21:04 UTC 2026","passed","Wed May 13 19:21:04 UTC 2026","","Go Test","github.com/specterops/bloodhound/cmd/api/src/services/opengraphschema/TestOpenGraphSchemaService_GetEnvironmentKindsAndEnvironmentExtensionDisplayNames","TestOpenGraphSchemaService_GetEnvironmentKindsAndEnvironmentExtensionDisplayNames"
"","210","should handle click events on apply and cancel","ConfirmUpdateQueryDialog","Wed May 13 19:26:12 UTC 2026","passed","Wed May 13 19:26:12 UTC 2026","","","",""
"","372","toggles a source kind on with all nested graph data options","GraphDataCheckboxes","Wed May 13 19:22:48 UTC 2026","passed","Wed May 13 19:22:49 UTC 2026","","","",""
"Test cases for TestHasValidRolesForETAC","0","TestHasValidRolesForETAC","","Wed May 13 19:20:56 UTC 2026","passed","Wed May 13 19:20:56 UTC 2026","","Go Test","github.com/specterops/bloodhound/cmd/api/src/api/v2/auth/TestHasValidRolesForETAC","TestHasValidRolesForETAC"
"","0","returns the distance between two coordinates","getDistanceBetween","Wed May 13 19:27:42 UTC 2026","passed","Wed May 13 19:27:42 UTC 2026","","","",""
"","1267","handles copying the name","CopyMenuItem","Wed May 13 19:26:31 UTC 2026","passed","Wed May 13 19:26:33 UTC 2026","","","",""
"","60","correctly handles the hygiene ID with value 0 by not omitting it in the params value even though 0 is falsey","usePZQueryParams","Wed May 13 19:24:46 UTC 2026","passed","Wed May 13 19:24:46 UTC 2026","","","",""
"Test cases for TestParsePreferHeaderWait","0","TestParsePreferHeaderWait","","Wed May 13 19:20:49 UTC 2026","passed","Wed May 13 19:20:49 UTC 2026","","Go Test","github.com/specterops/bloodhound/cmd/api/src/api/middleware/TestParsePreferHeaderWait","TestParsePreferHeaderWait"
"Test cases for TestResources_CreateSavedQuery_InvalidBody","0","TestResources_CreateSavedQuery_InvalidBody","","Wed May 13 19:20:56 UTC 2026","passed","Wed May 13 19:20:56 UTC 2026","","Go Test","github.com/specterops/bloodhound/cmd/api/src/api/v2/TestResources_CreateSavedQuery_InvalidBody","TestResources_CreateSavedQuery_InvalidBody"
"Test cases for TestRegisterBHCEMetrics","2","TestRegisterBHCEMetrics","","Wed May 13 19:21:14 UTC 2026","passed","Wed May 13 19:21:14 UTC 2026","","Go Test","github.com/specterops/bloodhound/packages/go/metricsregistration/TestRegisterBHCEMetrics","TestRegisterBHCEMetrics"
"","10","dismisses the ""no permission"" notification on unmount","useFinishedJobs","Wed May 13 19:24:04 UTC 2026","passed","Wed May 13 19:24:04 UTC 2026","","","",""
"","69","should on clicking collapse all remove expandedPanelSections param from url and set isObjectInfoPanelOpen in context to false","EdgeInfoHeader","Wed May 13 19:25:11 UTC 2026","passed","Wed May 13 19:25:11 UTC 2026","","","",""
"","90","should should reflect the checked state for public query","SavedQueryPermissions","Wed May 13 19:24:56 UTC 2026","passed","Wed May 13 19:24:56 UTC 2026","","","",""
"Test cases for TestResources_ListAvailableEnvironments","30","TestResources_ListAvailableEnvironments","","Wed May 13 19:20:56 UTC 2026","passed","Wed May 13 19:20:56 UTC 2026","","Go Test","github.com/specterops/bloodhound/cmd/api/src/api/v2/TestResources_ListAvailableEnvironments","TestResources_ListAvailableEnvironments"
"","385","disables a nested graph data option while its source kind is selected","GraphDataCheckboxes","Wed May 13 19:22:49 UTC 2026","passed","Wed May 13 19:22:50 UTC 2026","","","",""
"","210","calls onToggleEdgeLabels when click show all edge labels","GraphControls","Wed May 13 19:22:55 UTC 2026","passed","Wed May 13 19:22:56 UTC 2026","","Toggling labels","",""
"Test cases for TestBHCEStaticHandler","23","TestBHCEStaticHandler","","Wed May 13 19:20:49 UTC 2026","passed","Wed May 13 19:20:49 UTC 2026","","Go Test","github.com/specterops/bloodhound/cmd/api/src/api/static/TestBHCEStaticHandler","TestBHCEStaticHandler"
"","100","buttons are disabled while loading","LoginForm","Wed May 13 19:25:56 UTC 2026","passed","Wed May 13 19:25:56 UTC 2026","","","",""
"","169","renders the component with all info and switch off","CitrixRDPConfiguration","Wed May 13 19:23:35 UTC 2026","passed","Wed May 13 19:23:35 UTC 2026","","Initial render","",""
"","0","should be case-insensitive when matching by path","opsFilter","Wed May 13 19:25:34 UTC 2026","passed","Wed May 13 19:25:34 UTC 2026","","","",""
"","184","closes","ListItemActionMenu","Wed May 13 19:25:05 UTC 2026","passed","Wed May 13 19:25:05 UTC 2026","","","",""
"Test cases for TestResources_GetGPOEntityInfo","1","TestResources_GetGPOEntityInfo","","Wed May 13 19:20:56 UTC 2026","passed","Wed May 13 19:20:56 UTC 2026","","Go Test","github.com/specterops/bloodhound/cmd/api/src/api/v2/TestResources_GetGPOEntityInfo","TestResources_GetGPOEntityInfo"
"Test cases for TestManagementResource_ListUsers_InvalidFilterPredicate","0","TestManagementResource_ListUsers_InvalidFilterPredicate","","Wed May 13 19:21:02 UTC 2026","passed","Wed May 13 19:21:02 UTC 2026","","Go Test","github.com/specterops/bloodhound/cmd/api/src/api/v2/auth/TestManagementResource_ListUsers_InvalidFilterPredicate","TestManagementResource_ListUsers_InvalidFilterPredicate"
"","544","shows success notification after successful deletion","ActiveExtensionsCard","Wed May 13 19:22:09 UTC 2026","passed","Wed May 13 19:22:09 UTC 2026","","","",""
"Test cases for TestManagementResource_UpdateUser_UserSelfModify","1395","TestManagementResource_UpdateUser_UserSelfModify","","Wed May 13 19:21:16 UTC 2026","passed","Wed May 13 19:21:17 UTC 2026","","Go Test","github.com/specterops/bloodhound/cmd/api/src/api/v2/auth/TestManagementResource_UpdateUser_UserSelfModify","TestManagementResource_UpdateUser_UserSelfModify"
"Test cases for TestResources_ListADGPOAffectedComputers","2","TestResources_ListADGPOAffectedComputers","","Wed May 13 19:20:56 UTC 2026","passed","Wed May 13 19:20:56 UTC 2026","","Go Test","github.com/specterops/bloodhound/cmd/api/src/api/v2/TestResources_ListADGPOAffectedComputers","TestResources_ListADGPOAffectedComputers"
"","0","The data is fetching","Getting the text for the disabled item display for a search when there are no results","Wed May 13 19:24:59 UTC 2026","passed","Wed May 13 19:24:59 UTC 2026","","Loading states","",""
"Test cases for TestManagementResource_UpdateUser_GetUserError","1295","TestManagementResource_UpdateUser_GetUserError","","Wed May 13 19:21:12 UTC 2026","passed","Wed May 13 19:21:13 UTC 2026","","Go Test","github.com/specterops/bloodhound/cmd/api/src/api/v2/auth/TestManagementResource_UpdateUser_GetUserError","TestManagementResource_UpdateUser_GetUserError"
"Test cases for TestResolver_StartDone","22","TestResolver_StartDone","","Wed May 13 19:21:03 UTC 2026","passed","Wed May 13 19:21:03 UTC 2026","","Go Test","github.com/specterops/bloodhound/cmd/api/src/services/graphify/endpoint/TestResolver_StartDone","TestResolver_StartDone"
"","183","renders a preview version","PrivilegeZonesCypherEditor Search component for Zone Management","Wed May 13 19:25:31 UTC 2026","passed","Wed May 13 19:25:31 UTC 2026","","","",""
"Test cases for TestResources_GetCertTemplateEntityInfo","189","TestResources_GetCertTemplateEntityInfo","","Wed May 13 19:20:56 UTC 2026","passed","Wed May 13 19:20:56 UTC 2026","","Go Test","github.com/specterops/bloodhound/cmd/api/src/api/v2/TestResources_GetCertTemplateEntityInfo","TestResources_GetCertTemplateEntityInfo"
"Test cases for TestBOMEncoding","0","TestBOMEncoding","","Wed May 13 19:21:12 UTC 2026","passed","Wed May 13 19:21:12 UTC 2026","","Go Test","github.com/specterops/bloodhound/packages/go/bomenc/TestBOMEncoding","TestBOMEncoding"
"","3","should recognize a common properties","validating a node property against the shared generated schema","Wed May 13 19:23:24 UTC 2026","passed","Wed May 13 19:23:24 UTC 2026","","","",""
"Test cases for TestBoolValueOrZero","0","TestBoolValueOrZero","","Wed May 13 19:20:59 UTC 2026","passed","Wed May 13 19:20:59 UTC 2026","","Go Test","github.com/specterops/bloodhound/cmd/api/src/database/types/null/TestBoolValueOrZero","TestBoolValueOrZero"
"Test cases for TestResources_CypherQuery","88","TestResources_CypherQuery","","Wed May 13 19:20:56 UTC 2026","passed","Wed May 13 19:20:56 UTC 2026","","Go Test","github.com/specterops/bloodhound/cmd/api/src/api/v2/TestResources_CypherQuery","TestResources_CypherQuery"
"Test cases for TestResources_GetIssuancePolicyEntityInfo","168","TestResources_GetIssuancePolicyEntityInfo","","Wed May 13 19:20:56 UTC 2026","passed","Wed May 13 19:20:56 UTC 2026","","Go Test","github.com/specterops/bloodhound/cmd/api/src/api/v2/TestResources_GetIssuancePolicyEntityInfo","TestResources_GetIssuancePolicyEntityInfo"
"Test cases for TestAuth_CreateSSOSession","0","TestAuth_CreateSSOSession","","Wed May 13 19:20:56 UTC 2026","passed","Wed May 13 19:20:56 UTC 2026","","Go Test","github.com/specterops/bloodhound/cmd/api/src/api/v2/auth/TestAuth_CreateSSOSession","TestAuth_CreateSSOSession"
"","0","calls transformToFlatGraphResponse when graphData matches GraphResponse interface","normalizeGraphDataForSigma","Wed May 13 19:27:41 UTC 2026","passed","Wed May 13 19:27:41 UTC 2026","","","",""
"Test cases for TestResources_GetAssetGroupMemberCount_IDMalformed","0","TestResources_GetAssetGroupMemberCount_IDMalformed","","Wed May 13 19:20:56 UTC 2026","passed","Wed May 13 19:20:56 UTC 2026","","Go Test","github.com/specterops/bloodhound/cmd/api/src/api/v2/TestResources_GetAssetGroupMemberCount_IDMalformed","TestResources_GetAssetGroupMemberCount_IDMalformed"
"","12","can composes search params from the search prop and use them in the redirect","AppNavigate","Wed May 13 19:25:22 UTC 2026","passed","Wed May 13 19:25:22 UTC 2026","","","",""
"Test cases for TestWriteBinaryResponse","0","TestWriteBinaryResponse","","Wed May 13 19:20:45 UTC 2026","passed","Wed May 13 19:20:45 UTC 2026","","Go Test","github.com/specterops/bloodhound/cmd/api/src/api/TestWriteBinaryResponse","TestWriteBinaryResponse"
"","549","calls onSave when valid form inputs are provided","PasswordDialog","Wed May 13 19:22:22 UTC 2026","passed","Wed May 13 19:22:23 UTC 2026","","","",""
"Test cases for TestGetADDataQualityStats_Failure","0","TestGetADDataQualityStats_Failure","","Wed May 13 19:20:56 UTC 2026","passed","Wed May 13 19:20:56 UTC 2026","","Go Test","github.com/specterops/bloodhound/cmd/api/src/api/v2/TestGetADDataQualityStats_Failure","TestGetADDataQualityStats_Failure"
"Test cases for TestResources_ListADDomainContainedComputers","0","TestResources_ListADDomainContainedComputers","","Wed May 13 19:20:56 UTC 2026","passed","Wed May 13 19:20:56 UTC 2026","","Go Test","github.com/specterops/bloodhound/cmd/api/src/api/v2/TestResources_ListADDomainContainedComputers","TestResources_ListADDomainContainedComputers"
"","65","calls setSelected with correct data on click","NoteCell component","Wed May 13 19:25:16 UTC 2026","passed","Wed May 13 19:25:16 UTC 2026","","","",""
"","489","should render list of available SSO providers","LoginViaSSOForm","Wed May 13 19:25:02 UTC 2026","passed","Wed May 13 19:25:02 UTC 2026","","","",""
"","0","falls back to the default Cypher message when ruleType is undefined and seeds are required","handleError","Wed May 13 19:23:01 UTC 2026","passed","Wed May 13 19:23:01 UTC 2026","","","",""
"","252","sums nested section node counts","EntityInfoDataTable","Wed May 13 19:23:04 UTC 2026","passed","Wed May 13 19:23:04 UTC 2026","","Node count for nested table that counts all sections","",""
"","364","should render","OneTimePasscodeForm","Wed May 13 19:25:46 UTC 2026","passed","Wed May 13 19:25:46 UTC 2026","","","",""
"","0","takes setSearchParams and availableParams returns a function","searchParams","Wed May 13 19:25:05 UTC 2026","passed","Wed May 13 19:25:05 UTC 2026","","setParamsFactory","",""
"Test cases for TestGenerateRandomBase64String","0","TestGenerateRandomBase64String","","Wed May 13 19:20:57 UTC 2026","passed","Wed May 13 19:20:57 UTC 2026","","Go Test","github.com/specterops/bloodhound/cmd/api/src/config/TestGenerateRandomBase64String","TestGenerateRandomBase64String"
"","0","does not abbreviate numbers < 1000","numberFormatting","Wed May 13 19:24:29 UTC 2026","passed","Wed May 13 19:24:29 UTC 2026","","","",""
"","73","should on clicking remove call clearSelectedItem","EntityInfoHeader","Wed May 13 19:24:58 UTC 2026","passed","Wed May 13 19:24:58 UTC 2026","","","",""
"","8","renders the ZoneSelector when available and on a Zone page","TagSelector","Wed May 13 19:24:50 UTC 2026","passed","Wed May 13 19:24:50 UTC 2026","","","",""
"","283","invalidates the extensions query after a successful upload","SchemaUploadDialog","Wed May 13 19:22:59 UTC 2026","passed","Wed May 13 19:23:00 UTC 2026","","","",""
"Test cases for TestNormalizeEinNodeProperties","0","TestNormalizeEinNodeProperties","","Wed May 13 19:21:03 UTC 2026","passed","Wed May 13 19:21:03 UTC 2026","","Go Test","github.com/specterops/bloodhound/cmd/api/src/services/graphify/TestNormalizeEinNodeProperties","TestNormalizeEinNodeProperties"
"","238","shows a table with finished jobs","FileIngestTable","Wed May 13 19:24:12 UTC 2026","passed","Wed May 13 19:24:12 UTC 2026","","","",""
"","8","applies animation class to the title","ProcessingIndicator","Wed May 13 19:26:37 UTC 2026","passed","Wed May 13 19:26:37 UTC 2026","","","",""
"","4","stores a string value in localStorage","useLocalStorage","Wed May 13 19:23:48 UTC 2026","passed","Wed May 13 19:23:48 UTC 2026","","setValue","",""
"Test cases for TestHandleDatabaseError","0","TestHandleDatabaseError","","Wed May 13 19:20:45 UTC 2026","passed","Wed May 13 19:20:45 UTC 2026","","Go Test","github.com/specterops/bloodhound/cmd/api/src/api/TestHandleDatabaseError","TestHandleDatabaseError"
"Test cases for TestResources_DeleteSavedQuery_IsPublicSavedQueryDBError","0","TestResources_DeleteSavedQuery_IsPublicSavedQueryDBError","","Wed May 13 19:20:56 UTC 2026","passed","Wed May 13 19:20:56 UTC 2026","","Go Test","github.com/specterops/bloodhound/cmd/api/src/api/v2/TestResources_DeleteSavedQuery_IsPublicSavedQueryDBError","TestResources_DeleteSavedQuery_IsPublicSavedQueryDBError"
"Test cases for TestFloatFromPtr","0","TestFloatFromPtr","","Wed May 13 19:20:59 UTC 2026","passed","Wed May 13 19:20:59 UTC 2026","","Go Test","github.com/specterops/bloodhound/cmd/api/src/database/types/null/TestFloatFromPtr","TestFloatFromPtr"
"Test cases for TestError","1","TestError","","Wed May 13 19:20:45 UTC 2026","passed","Wed May 13 19:20:45 UTC 2026","","Go Test","github.com/specterops/bloodhound/cmd/api/src/api/TestError","TestError"
"","58","disables the upload file button when the user does not have the opengraph write permission","SchemaUploadDialog","Wed May 13 19:22:57 UTC 2026","passed","Wed May 13 19:22:57 UTC 2026","","","",""
"Test cases for TestParseUUID","1","TestParseUUID","","Wed May 13 19:21:08 UTC 2026","passed","Wed May 13 19:21:08 UTC 2026","","Go Test","github.com/specterops/bloodhound/cmd/api/src/utils/TestParseUUID","TestParseUUID"
"","448","calls handleFilterChange when a node type is selected","AssetGroupEdit","Wed May 13 19:23:30 UTC 2026","passed","Wed May 13 19:23:30 UTC 2026","","Node Type dropdown filter","",""
"","19","renders null if network fails to return valid asset group membership list","AssetGroupMenuItem","Wed May 13 19:27:04 UTC 2026","passed","Wed May 13 19:27:04 UTC 2026","","adding to an asset group","",""
"","8","displays lastlogontimestamp cell as UNKNOWN when the value is 0","ExploreTableDataCell","Wed May 13 19:25:55 UTC 2026","passed","Wed May 13 19:25:55 UTC 2026","","","",""
"","165","navigates to previous history entry when warning dialog is cancelled","EarlyAccessFeatures","Wed May 13 19:27:25 UTC 2026","passed","Wed May 13 19:27:25 UTC 2026","","","",""
"","2","rounds down fractional minutes/days","getSimpleDuration","Wed May 13 19:25:52 UTC 2026","passed","Wed May 13 19:25:52 UTC 2026","","","",""
"Test cases for TestGetVersion","3","TestGetVersion","","Wed May 13 19:20:56 UTC 2026","passed","Wed May 13 19:20:56 UTC 2026","","Go Test","github.com/specterops/bloodhound/cmd/api/src/api/v2/TestGetVersion","TestGetVersion"
"","534","On successful upload, displays a completion of 100% and adds a ""Complete"" button that closes the dialog","SchemaUploadDialog","Wed May 13 19:22:58 UTC 2026","passed","Wed May 13 19:22:59 UTC 2026","","","",""
"Test cases for TestMinMaxValidator","0","TestMinMaxValidator","","Wed May 13 19:21:09 UTC 2026","passed","Wed May 13 19:21:09 UTC 2026","","Go Test","github.com/specterops/bloodhound/cmd/api/src/utils/validation/TestMinMaxValidator","TestMinMaxValidator"
"","0","shows some collection methods for the given job","toCollected","Wed May 13 19:26:10 UTC 2026","passed","Wed May 13 19:26:10 UTC 2026","","","",""
"Test cases for TestResources_ListAssetGroups","1","TestResources_ListAssetGroups","","Wed May 13 19:20:56 UTC 2026","passed","Wed May 13 19:20:56 UTC 2026","","Go Test","github.com/specterops/bloodhound/cmd/api/src/api/v2/TestResources_ListAssetGroups","TestResources_ListAssetGroups"
"","25","renders details for a selected rule and is of type ""Object""","DynamicDetails","Wed May 13 19:23:47 UTC 2026","passed","Wed May 13 19:23:47 UTC 2026","","","",""
"Test cases for TestTypes_Scan_InvalidInput","1","TestTypes_Scan_InvalidInput","","Wed May 13 19:20:59 UTC 2026","passed","Wed May 13 19:20:59 UTC 2026","","Go Test","github.com/specterops/bloodhound/cmd/api/src/database/types/TestTypes_Scan_InvalidInput","TestTypes_Scan_InvalidInput"
"Test cases for TestContextMiddleware_InvalidWait","0","TestContextMiddleware_InvalidWait","","Wed May 13 19:20:49 UTC 2026","passed","Wed May 13 19:20:49 UTC 2026","","Go Test","github.com/specterops/bloodhound/cmd/api/src/api/middleware/TestContextMiddleware_InvalidWait","TestContextMiddleware_InvalidWait"
"","62","returns false on 404","useGraphHasData","Wed May 13 19:26:01 UTC 2026","passed","Wed May 13 19:26:01 UTC 2026","","","",""
"Test cases for TestResources_ExportSavedQuery","13","TestResources_ExportSavedQuery","","Wed May 13 19:20:56 UTC 2026","passed","Wed May 13 19:20:56 UTC 2026","","Go Test","github.com/specterops/bloodhound/cmd/api/src/api/v2/TestResources_ExportSavedQuery","TestResources_ExportSavedQuery"
"","247","eventually displays a list of early access features when warning dialog is accepted","EarlyAccessFeatures","Wed May 13 19:27:25 UTC 2026","passed","Wed May 13 19:27:26 UTC 2026","","","",""
"Test cases for TestBoolIsZero","0","TestBoolIsZero","","Wed May 13 19:20:59 UTC 2026","passed","Wed May 13 19:20:59 UTC 2026","","Go Test","github.com/specterops/bloodhound/cmd/api/src/database/types/null/TestBoolIsZero","TestBoolIsZero"
"","281","shows all extensions when search is cleared","ActiveExtensionsCard","Wed May 13 19:22:06 UTC 2026","passed","Wed May 13 19:22:06 UTC 2026","","","",""
"","345","should display a ""Change Password"" modal","UserProfile","Wed May 13 19:23:42 UTC 2026","passed","Wed May 13 19:23:43 UTC 2026","","""Reset Password"" button is clicked","",""
"","0","returns null if paramValue is undefined","useEnvironmentParams","Wed May 13 19:26:34 UTC 2026","passed","Wed May 13 19:26:34 UTC 2026","","parseEnvironmentAggregation","",""
"Test cases for TestHasSequence","1","TestHasSequence","","Wed May 13 19:21:12 UTC 2026","passed","Wed May 13 19:21:12 UTC 2026","","Go Test","github.com/specterops/bloodhound/packages/go/bomenc/TestHasSequence","TestHasSequence"
"","27","should display the checkbox group title","Checkbox group","Wed May 13 19:26:20 UTC 2026","passed","Wed May 13 19:26:20 UTC 2026","","","",""
"","0","returns empty array when environments is undefined","filterAndSearchEnvironments","Wed May 13 19:22:00 UTC 2026","passed","Wed May 13 19:22:00 UTC 2026","","with empty environments","",""
"","221","should render","NoDataDialog","Wed May 13 19:26:32 UTC 2026","passed","Wed May 13 19:26:32 UTC 2026","","","",""
"Test cases for TestDisenrollMFA_Admin_Success","1982","TestDisenrollMFA_Admin_Success","","Wed May 13 19:21:25 UTC 2026","passed","Wed May 13 19:21:27 UTC 2026","","Go Test","github.com/specterops/bloodhound/cmd/api/src/api/v2/auth/TestDisenrollMFA_Admin_Success","TestDisenrollMFA_Admin_Success"
"Test cases for TestWriteResponseWrapperWithTimeWindowAndPagination","0","TestWriteResponseWrapperWithTimeWindowAndPagination","","Wed May 13 19:20:45 UTC 2026","passed","Wed May 13 19:20:45 UTC 2026","","Go Test","github.com/specterops/bloodhound/cmd/api/src/api/TestWriteResponseWrapperWithTimeWindowAndPagination","TestWriteResponseWrapperWithTimeWindowAndPagination"
"","328","renders no asset group edit options without graph write permissions","ContextMenu","Wed May 13 19:27:16 UTC 2026","passed","Wed May 13 19:27:16 UTC 2026","","","",""
"Test cases for TestResources_ListAuditLogs_InvalidPredicate","1","TestResources_ListAuditLogs_InvalidPredicate","","Wed May 13 19:20:56 UTC 2026","passed","Wed May 13 19:20:56 UTC 2026","","Go Test","github.com/specterops/bloodhound/cmd/api/src/api/v2/TestResources_ListAuditLogs_InvalidPredicate","TestResources_ListAuditLogs_InvalidPredicate"
"","266","a name value is required to submit the form","Rule Form","Wed May 13 19:22:06 UTC 2026","passed","Wed May 13 19:22:06 UTC 2026","","","",""
"","11","returns null if paramValue is null","useEnvironmentParams","Wed May 13 19:26:34 UTC 2026","passed","Wed May 13 19:26:34 UTC 2026","","parseEnvironmentAggregation","",""
"","1","will return a list of values","Formatting list properties","Wed May 13 19:23:24 UTC 2026","passed","Wed May 13 19:23:24 UTC 2026","","","",""
"","48","invalidates the extensions query key when upload succeeds","useSchemaUploadHandlers","Wed May 13 19:26:24 UTC 2026","passed","Wed May 13 19:26:24 UTC 2026","","","",""
"","62","returns true when nodes are available","useGraphHasData","Wed May 13 19:26:01 UTC 2026","passed","Wed May 13 19:26:01 UTC 2026","","","",""
"Test cases for TestResources_GetPathfindingResult","0","TestResources_GetPathfindingResult","","Wed May 13 19:20:56 UTC 2026","passed","Wed May 13 19:20:56 UTC 2026","","Go Test","github.com/specterops/bloodhound/cmd/api/src/api/v2/TestResources_GetPathfindingResult","TestResources_GetPathfindingResult"
"","0","returns disabled if relationshipQueryItemId does not have a matching sourceId, edgeType, targetId","useExploreGraph","Wed May 13 19:22:53 UTC 2026","passed","Wed May 13 19:22:53 UTC 2026","composition search queries","exploreGraphQueryFactory","",""
"Test cases for TestCache_Set","0","TestCache_Set","","Wed May 13 19:21:12 UTC 2026","passed","Wed May 13 19:21:12 UTC 2026","","Go Test","github.com/specterops/bloodhound/packages/go/cache/TestCache_Set","TestCache_Set"
"Test cases for TestResources_ListADOUContainedUsers","0","TestResources_ListADOUContainedUsers","","Wed May 13 19:20:56 UTC 2026","passed","Wed May 13 19:20:56 UTC 2026","","Go Test","github.com/specterops/bloodhound/cmd/api/src/api/v2/TestResources_ListADOUContainedUsers","TestResources_ListADOUContainedUsers"
"","505","should display Environmental Targeted Access Control panel when showEnvironmentAccessControls prop is true and user role is selected","CreateUserForm","Wed May 13 19:22:16 UTC 2026","passed","Wed May 13 19:22:17 UTC 2026","","","",""
"","15","returns the OpenGraph environmentInfo when environmentAggregation param is not a known type","useAvailableEnvironments","Wed May 13 19:24:07 UTC 2026","passed","Wed May 13 19:24:07 UTC 2026","","useSelectedEnvironment","",""
"Test cases for TestManagementResource_CreateAuthToken","8461","TestManagementResource_CreateAuthToken","","Wed May 13 19:21:23 UTC 2026","passed","Wed May 13 19:21:31 UTC 2026","","Go Test","github.com/specterops/bloodhound/cmd/api/src/api/v2/auth/TestManagementResource_CreateAuthToken","TestManagementResource_CreateAuthToken"
"Test cases for TestGC_NewDataPruningDaemon","2","TestGC_NewDataPruningDaemon","","Wed May 13 19:20:58 UTC 2026","passed","Wed May 13 19:20:58 UTC 2026","","Go Test","github.com/specterops/bloodhound/cmd/api/src/daemons/gc/TestGC_NewDataPruningDaemon","TestGC_NewDataPruningDaemon"
"","113","should on clicking collapse all remove expandedPanelSections param from url and set isObjectInfoPanelOpen in context to false","EntityInfoHeader","Wed May 13 19:24:58 UTC 2026","passed","Wed May 13 19:24:58 UTC 2026","","","",""
"","105","should call onCancel when cancel button clicked","LoginViaSSOForm","Wed May 13 19:25:03 UTC 2026","passed","Wed May 13 19:25:03 UTC 2026","","","",""
"","16","displays CaretDown icon when the sortOrder is desc","ColumnHeaders","Wed May 13 19:24:27 UTC 2026","passed","Wed May 13 19:24:27 UTC 2026","","SortableHeader","",""
"Test cases for TestMatches_Success","0","TestMatches_Success","","Wed May 13 19:20:59 UTC 2026","passed","Wed May 13 19:20:59 UTC 2026","","Go Test","github.com/specterops/bloodhound/cmd/api/src/model/TestMatches_Success","TestMatches_Success"
"","1444","displays a list of available sharphound and azurehound files to download","DownloadCollectors","Wed May 13 19:27:11 UTC 2026","passed","Wed May 13 19:27:12 UTC 2026","","","",""
"Test cases for TestMergedFS_Open","0","TestMergedFS_Open","","Wed May 13 19:20:59 UTC 2026","passed","Wed May 13 19:20:59 UTC 2026","","Go Test","github.com/specterops/bloodhound/cmd/api/src/database/migration/TestMergedFS_Open","TestMergedFS_Open"
"","240","should display ""Cancel"" button","Enable2FADialog","Wed May 13 19:25:13 UTC 2026","passed","Wed May 13 19:25:13 UTC 2026","","","",""
"Test cases for TestGetScheme","0","TestGetScheme","","Wed May 13 19:20:49 UTC 2026","passed","Wed May 13 19:20:49 UTC 2026","","Go Test","github.com/specterops/bloodhound/cmd/api/src/api/middleware/TestGetScheme","TestGetScheme"
"Test cases for TestAddOrderByToNeo4jQuery_NoOrderByClause","0","TestAddOrderByToNeo4jQuery_NoOrderByClause","","Wed May 13 19:20:56 UTC 2026","passed","Wed May 13 19:20:56 UTC 2026","","Go Test","github.com/specterops/bloodhound/cmd/api/src/api/v2/TestAddOrderByToNeo4jQuery_NoOrderByClause","TestAddOrderByToNeo4jQuery_NoOrderByClause"
"","3","returns true if value is undefined","searchParams","Wed May 13 19:25:05 UTC 2026","passed","Wed May 13 19:25:05 UTC 2026","","isEmptyParam","",""
"","19","returns Rule Object counts when there is a Tag and a Rule selected (tagId and ruleId are in path params)","useObjectCounts","Wed May 13 19:26:08 UTC 2026","passed","Wed May 13 19:26:08 UTC 2026","","","",""
"","0","returns false if arrays have different length","areArraysSimilar","Wed May 13 19:26:14 UTC 2026","passed","Wed May 13 19:26:14 UTC 2026","","","",""
"","61","enables pulling an ordered list of tags by position ascending","the useAssetGroupTags utilities","Wed May 13 19:23:14 UTC 2026","passed","Wed May 13 19:23:14 UTC 2026","","","",""
"Test cases for TestResources_ListAuditLogs_Filtered","0","TestResources_ListAuditLogs_Filtered","","Wed May 13 19:20:56 UTC 2026","passed","Wed May 13 19:20:56 UTC 2026","","Go Test","github.com/specterops/bloodhound/cmd/api/src/api/v2/TestResources_ListAuditLogs_Filtered","TestResources_ListAuditLogs_Filtered"
"","0","reports an API error when Cypher is not run first","handleError","Wed May 13 19:23:01 UTC 2026","passed","Wed May 13 19:23:01 UTC 2026","","","",""
"Test cases for TestManagementResource_SanitizeAndGetRoles","0","TestManagementResource_SanitizeAndGetRoles","","Wed May 13 19:21:31 UTC 2026","passed","Wed May 13 19:21:31 UTC 2026","","Go Test","github.com/specterops/bloodhound/cmd/api/src/api/v2/auth/TestManagementResource_SanitizeAndGetRoles","TestManagementResource_SanitizeAndGetRoles"
"Test cases for TestCopyMatchExpressionsSorted","1","TestCopyMatchExpressionsSorted","","Wed May 13 19:21:03 UTC 2026","passed","Wed May 13 19:21:03 UTC 2026","","Go Test","github.com/specterops/bloodhound/cmd/api/src/services/graphify/endpoint/TestCopyMatchExpressionsSorted","TestCopyMatchExpressionsSorted"
"","57","should display a message","CypherSearchMessage","Wed May 13 19:26:42 UTC 2026","passed","Wed May 13 19:26:42 UTC 2026","","","",""
"","6","optionally allows the consumer to pass a query to performSearch() and adds that query to the url","useCypherSearch","Wed May 13 19:26:09 UTC 2026","passed","Wed May 13 19:26:09 UTC 2026","","","",""
"Test cases for TestSetValue","0","TestSetValue","","Wed May 13 19:20:57 UTC 2026","passed","Wed May 13 19:20:57 UTC 2026","","Go Test","github.com/specterops/bloodhound/cmd/api/src/config/TestSetValue","TestSetValue"
"","171","opens when keyboard shortcut is pressed","GraphControls","Wed May 13 19:22:58 UTC 2026","passed","Wed May 13 19:22:58 UTC 2026","","Searching current results","",""
"","185","calls setExploreParams with searchType and relationshipQueryItemId when selecting a composition accordion","EdgeInfoContent","Wed May 13 19:22:06 UTC 2026","passed","Wed May 13 19:22:06 UTC 2026","","EdgeInfoContent support for Deep Linking","",""
"","1","handles unix time values by converting them to our standard date display format","Formatting number properties","Wed May 13 19:23:24 UTC 2026","passed","Wed May 13 19:23:24 UTC 2026","","","",""
"","2857","when user performs a pathfinding search, the swap button is disabled until both the start and destination nodes are provided","Pathfinding: interaction","Wed May 13 19:23:53 UTC 2026","passed","Wed May 13 19:23:56 UTC 2026","","","",""
"","2","The node radius is adjusted for nodes that have their ""highlighted"" property set to true since the highlight adds some padding","getNodeRadius","Wed May 13 19:27:34 UTC 2026","passed","Wed May 13 19:27:34 UTC 2026","","","",""
"","2","dispatches a storage event with null newValue when the key is removed","useLocalStorage","Wed May 13 19:23:48 UTC 2026","passed","Wed May 13 19:23:48 UTC 2026","","storage event synchronisation","",""
"","159","a null response from the server is handled","ExploreSearchCombobox with null response","Wed May 13 19:23:32 UTC 2026","passed","Wed May 13 19:23:32 UTC 2026","","","",""
"","47","links to the specified route with global params intact when triggered by a splat route","AppLink","Wed May 13 19:24:50 UTC 2026","passed","Wed May 13 19:24:50 UTC 2026","","","",""
"Test cases for TestResources_ListADUserSessions","2","TestResources_ListADUserSessions","","Wed May 13 19:20:56 UTC 2026","passed","Wed May 13 19:20:56 UTC 2026","","Go Test","github.com/specterops/bloodhound/cmd/api/src/api/v2/TestResources_ListADUserSessions","TestResources_ListADUserSessions"
"","104","should call onLoginViaSAML when login via sso button clicked","LoginForm","Wed May 13 19:25:56 UTC 2026","passed","Wed May 13 19:25:56 UTC 2026","","","",""
"Test cases for TestAuditLogin","0","TestAuditLogin","","Wed May 13 19:20:45 UTC 2026","passed","Wed May 13 19:20:45 UTC 2026","","Go Test","github.com/specterops/bloodhound/cmd/api/src/api/TestAuditLogin","TestAuditLogin"
"Test cases for TestResources_ListADComputerAdmins","0","TestResources_ListADComputerAdmins","","Wed May 13 19:20:56 UTC 2026","passed","Wed May 13 19:20:56 UTC 2026","","Go Test","github.com/specterops/bloodhound/cmd/api/src/api/v2/TestResources_ListADComputerAdmins","TestResources_ListADComputerAdmins"
"","0","should compute the midpoint of a line segment","bezier","Wed May 13 19:27:26 UTC 2026","passed","Wed May 13 19:27:26 UTC 2026","","","",""
"Test cases for TestBoolSetValid","0","TestBoolSetValid","","Wed May 13 19:20:59 UTC 2026","passed","Wed May 13 19:20:59 UTC 2026","","Go Test","github.com/specterops/bloodhound/cmd/api/src/database/types/null/TestBoolSetValid","TestBoolSetValid"
"","109","should display the logged in user's email address","UserProfile","Wed May 13 19:23:42 UTC 2026","passed","Wed May 13 19:23:42 UTC 2026","","","",""
"","53","displays an error message while fetching fails","ActiveExtensionsCard","Wed May 13 19:22:05 UTC 2026","passed","Wed May 13 19:22:05 UTC 2026","","","",""
"","1","succeeds for valid password with unicode characters","testPassword","Wed May 13 19:26:34 UTC 2026","passed","Wed May 13 19:26:34 UTC 2026","","","",""
"","1","returns undefined if graphData is undefined or not a GraphResponse","getExploreTableData","Wed May 13 19:24:31 UTC 2026","passed","Wed May 13 19:24:31 UTC 2026","","","",""
"","716","should hide Environmental Targeted Access Control panel when showEnvironmentAccessControls prop is true and power user role is selected","UpdateUserForm","Wed May 13 19:21:56 UTC 2026","passed","Wed May 13 19:21:57 UTC 2026","","","",""
"","129","renders error message on error","ObjectCountPanel","Wed May 13 19:26:00 UTC 2026","passed","Wed May 13 19:26:00 UTC 2026","","","",""
"","74","clicking a disabled header does not toggle content","<DetailsAccordion />","Wed May 13 19:23:17 UTC 2026","passed","Wed May 13 19:23:17 UTC 2026","","","",""
"Test cases for TestQueryParameterFilterParser_ParseQueryParameterFilter","0","TestQueryParameterFilterParser_ParseQueryParameterFilter","","Wed May 13 19:20:59 UTC 2026","passed","Wed May 13 19:20:59 UTC 2026","","Go Test","github.com/specterops/bloodhound/cmd/api/src/model/TestQueryParameterFilterParser_ParseQueryParameterFilter","TestQueryParameterFilterParser_ParseQueryParameterFilter"
"","2","Edge is created with correct structure including points array","copySigmaEdgesToGraphlibGraph","Wed May 13 19:27:30 UTC 2026","passed","Wed May 13 19:27:30 UTC 2026","","","",""
"","6","The data is loading","Getting the text for the disabled item display for a search when there are no results","Wed May 13 19:24:59 UTC 2026","passed","Wed May 13 19:24:59 UTC 2026","","Loading states","",""
"","80","prevents a user from proceeding if the file is not valid","File Upload","Wed May 13 19:24:07 UTC 2026","passed","Wed May 13 19:24:07 UTC 2026","","","",""
"","506","open and closes dialog with confirm button after user inputs required text","Tag Form","Wed May 13 19:21:50 UTC 2026","passed","Wed May 13 19:21:50 UTC 2026","","","",""
"Test cases for TestLoginSuccess","4","TestLoginSuccess","","Wed May 13 19:20:56 UTC 2026","passed","Wed May 13 19:20:56 UTC 2026","","Go Test","github.com/specterops/bloodhound/cmd/api/src/api/v2/auth/TestLoginSuccess","TestLoginSuccess"
"","1","determines glyphs with the tier_managent_engine feature flag enabled","getNodeGlyphs","Wed May 13 19:27:18 UTC 2026","passed","Wed May 13 19:27:18 UTC 2026","","","",""
"Test cases for TestFilter","0","TestFilter","","Wed May 13 19:21:15 UTC 2026","passed","Wed May 13 19:21:15 UTC 2026","","Go Test","github.com/specterops/bloodhound/packages/go/slicesext/TestFilter","TestFilter"
"","127","calls onCancel when cancel button clicked","EarlyAccessFeaturesWarningDialog","Wed May 13 19:27:45 UTC 2026","passed","Wed May 13 19:27:45 UTC 2026","","","",""
"Test cases for Test_validateGraphExtension","6","Test_validateGraphExtension","","Wed May 13 19:21:04 UTC 2026","passed","Wed May 13 19:21:04 UTC 2026","","Go Test","github.com/specterops/bloodhound/cmd/api/src/services/opengraphschema/Test_validateGraphExtension","Test_validateGraphExtension"
"","0","Will ignore colons after the first and use them as part of the keyword search","Parsing the debounced input for type and keyword values","Wed May 13 19:24:59 UTC 2026","passed","Wed May 13 19:24:59 UTC 2026","","","",""
"","3284","subcategory with duplicate name does not show indeterminate when all its children are unchecked","Pathfinding","Wed May 13 19:22:56 UTC 2026","passed","Wed May 13 19:22:59 UTC 2026","","","",""
"Test cases for TestCacheEntryDigester_DigestEndpoint_JSONMarshalError","0","TestCacheEntryDigester_DigestEndpoint_JSONMarshalError","","Wed May 13 19:21:03 UTC 2026","passed","Wed May 13 19:21:03 UTC 2026","","Go Test","github.com/specterops/bloodhound/cmd/api/src/services/graphify/endpoint/TestCacheEntryDigester_DigestEndpoint_JSONMarshalError","TestCacheEntryDigester_DigestEndpoint_JSONMarshalError"
"Test cases for TestUnmarshalInt64","0","TestUnmarshalInt64","","Wed May 13 19:20:59 UTC 2026","passed","Wed May 13 19:20:59 UTC 2026","","Go Test","github.com/specterops/bloodhound/cmd/api/src/database/types/null/TestUnmarshalInt64","TestUnmarshalInt64"
"","0","leaves double quotes untouched","escapeCypherString","Wed May 13 19:26:28 UTC 2026","passed","Wed May 13 19:26:28 UTC 2026","","","",""
"","0","accepts a sort and compare function","areArraysSimilar","Wed May 13 19:26:14 UTC 2026","passed","Wed May 13 19:26:14 UTC 2026","","","",""
"","8","uses the discardQueryParams prop to discard all query params on the redirect","AppNavigate","Wed May 13 19:25:22 UTC 2026","passed","Wed May 13 19:25:22 UTC 2026","","","",""
"","278","sets secondarySearch=id and searchType=node when primarySearch is falsey","ContextMenu","Wed May 13 19:27:17 UTC 2026","passed","Wed May 13 19:27:17 UTC 2026","","","",""
"","3","isLoading returns as expected based on all queries combined","queriesAreLoadingOrErrored","Wed May 13 19:26:35 UTC 2026","passed","Wed May 13 19:26:35 UTC 2026","","","",""
"","192","shows ""Select All"" when not all columns are selected","ManageColumnsComboBox","Wed May 13 19:23:18 UTC 2026","passed","Wed May 13 19:23:19 UTC 2026","","","",""
"Test cases for TestResources_ListADEntityLinkedGPOs","0","TestResources_ListADEntityLinkedGPOs","","Wed May 13 19:20:56 UTC 2026","passed","Wed May 13 19:20:56 UTC 2026","","Go Test","github.com/specterops/bloodhound/cmd/api/src/api/v2/TestResources_ListADEntityLinkedGPOs","TestResources_ListADEntityLinkedGPOs"
"Test cases for Test_convertGraphExtensionPayloadToGraphExtension","0","Test_convertGraphExtensionPayloadToGraphExtension","","Wed May 13 19:20:56 UTC 2026","passed","Wed May 13 19:20:56 UTC 2026","","Go Test","github.com/specterops/bloodhound/cmd/api/src/api/v2/Test_convertGraphExtensionPayloadToGraphExtension","Test_convertGraphExtensionPayloadToGraphExtension"
"","230","should fire ""onClose"" once","UserTokenManagementDialog","Wed May 13 19:23:09 UTC 2026","passed","Wed May 13 19:23:09 UTC 2026","","when user clicks ""Close"" button","",""
"","0","fails for password without lowercase letters","testPassword","Wed May 13 19:26:34 UTC 2026","passed","Wed May 13 19:26:34 UTC 2026","","","",""
"Test cases for TestCreateUser_ETAC","3330","TestCreateUser_ETAC","","Wed May 13 19:21:05 UTC 2026","passed","Wed May 13 19:21:09 UTC 2026","","Go Test","github.com/specterops/bloodhound/cmd/api/src/api/v2/auth/TestCreateUser_ETAC","TestCreateUser_ETAC"
"Test cases for Test_filterAndFormatSearchResults_filterEnvironmentsEmpty","0","Test_filterAndFormatSearchResults_filterEnvironmentsEmpty","","Wed May 13 19:20:56 UTC 2026","passed","Wed May 13 19:20:56 UTC 2026","","Go Test","github.com/specterops/bloodhound/cmd/api/src/api/v2/Test_filterAndFormatSearchResults_filterEnvironmentsEmpty","Test_filterAndFormatSearchResults_filterEnvironmentsEmpty"
"","1","does not overwrite an existing localStorage value with initialValue","useLocalStorage","Wed May 13 19:23:48 UTC 2026","passed","Wed May 13 19:23:48 UTC 2026","","initial value","",""
"","64","renders note header correctly","HistoryNotes Component","Wed May 13 19:26:18 UTC 2026","passed","Wed May 13 19:26:18 UTC 2026","","","",""
"Test cases for TestTagScanner_NextTopLevelTag","3","TestTagScanner_NextTopLevelTag","","Wed May 13 19:21:05 UTC 2026","passed","Wed May 13 19:21:05 UTC 2026","","Go Test","github.com/specterops/bloodhound/cmd/api/src/services/upload/TestTagScanner_NextTopLevelTag","TestTagScanner_NextTopLevelTag"
"","828","displays validation error messages when password does not meet requirements","PasswordDialog","Wed May 13 19:22:19 UTC 2026","passed","Wed May 13 19:22:20 UTC 2026","","","",""
"","407","should reject passwords where only a space is used as the special character","CreateUserForm","Wed May 13 19:22:20 UTC 2026","passed","Wed May 13 19:22:20 UTC 2026","","","",""
"","213","renders the QuerySearchFilter component","QuerySearchFilter","Wed May 13 19:24:43 UTC 2026","passed","Wed May 13 19:24:43 UTC 2026","","","",""
"Test cases for TestDefaultRateLimitMiddleware","1","TestDefaultRateLimitMiddleware","","Wed May 13 19:20:49 UTC 2026","passed","Wed May 13 19:20:49 UTC 2026","","Go Test","github.com/specterops/bloodhound/cmd/api/src/api/middleware/TestDefaultRateLimitMiddleware","TestDefaultRateLimitMiddleware"
"","116","displays extensions in a table when data is available","ActiveExtensionsCard","Wed May 13 19:22:05 UTC 2026","passed","Wed May 13 19:22:05 UTC 2026","","","",""
"","71","should hide Environmental Targeted Access Control panel when showEnvironmentAccessControls prop is false","CreateUserForm","Wed May 13 19:22:18 UTC 2026","passed","Wed May 13 19:22:18 UTC 2026","","","",""
"","55","should render a Field when the provided value is false","Field","Wed May 13 19:26:04 UTC 2026","passed","Wed May 13 19:26:04 UTC 2026","","","",""
"","261","does not display a “Disable query timeout” checkbox when timeout limit param config is enabled true","ExploreSearch interaction","Wed May 13 19:27:09 UTC 2026","passed","Wed May 13 19:27:09 UTC 2026","","","",""
"Test cases for TestResources_UpdateAssetGroupTag","5","TestResources_UpdateAssetGroupTag","","Wed May 13 19:20:56 UTC 2026","passed","Wed May 13 19:20:56 UTC 2026","","Go Test","github.com/specterops/bloodhound/cmd/api/src/api/v2/TestResources_UpdateAssetGroupTag","TestResources_UpdateAssetGroupTag"
"","267","Displays a notification when an error happened when requesting analysis","AnalyzeNowConfiguration","Wed May 13 19:23:48 UTC 2026","passed","Wed May 13 19:23:49 UTC 2026","","","",""
"","8","keeps callbacks stable across renders","useObjectState","Wed May 13 19:25:51 UTC 2026","passed","Wed May 13 19:25:51 UTC 2026","","","",""
"","4","returns true if arrays are referentially equal","areArraysSimilar","Wed May 13 19:26:14 UTC 2026","passed","Wed May 13 19:26:14 UTC 2026","","","",""
"Test cases for Test_ParseSortParameters","0","Test_ParseSortParameters","","Wed May 13 19:20:45 UTC 2026","passed","Wed May 13 19:20:45 UTC 2026","","Go Test","github.com/specterops/bloodhound/cmd/api/src/api/Test_ParseSortParameters","Test_ParseSortParameters"
"","91","renders the total count and object counts on success","ObjectCountPanel","Wed May 13 19:26:00 UTC 2026","passed","Wed May 13 19:26:00 UTC 2026","","","",""
"","194","calls setExploreParams with only the expandedSection label when selecting any accordion that is not composition","EdgeInfoContent","Wed May 13 19:22:06 UTC 2026","passed","Wed May 13 19:22:06 UTC 2026","","EdgeInfoContent support for Deep Linking","",""
"Test cases for TestUnmarshalTimeJSON","0","TestUnmarshalTimeJSON","","Wed May 13 19:20:59 UTC 2026","passed","Wed May 13 19:20:59 UTC 2026","","Go Test","github.com/specterops/bloodhound/cmd/api/src/database/types/null/TestUnmarshalTimeJSON","TestUnmarshalTimeJSON"
"","0","EXTENDED ROUNDING when thresholds are set: returns a comma separated number when provided with a number > 999","numberFormatting","Wed May 13 19:24:29 UTC 2026","passed","Wed May 13 19:24:29 UTC 2026","","","",""
"","3170","should render","Pathfinding","Wed May 13 19:22:11 UTC 2026","passed","Wed May 13 19:22:14 UTC 2026","","","",""
"","105","defaults to wrapped and removes .wrapped class when unwrap btn is clicked","CodeController","Wed May 13 19:26:19 UTC 2026","passed","Wed May 13 19:26:19 UTC 2026","","","",""
"","228","renders the Columns trigger button","ManageColumnsComboBox","Wed May 13 19:23:18 UTC 2026","passed","Wed May 13 19:23:18 UTC 2026","","","",""
"Test cases for TestHeaderMatches","0","TestHeaderMatches","","Wed May 13 19:21:08 UTC 2026","passed","Wed May 13 19:21:08 UTC 2026","","Go Test","github.com/specterops/bloodhound/cmd/api/src/utils/TestHeaderMatches","TestHeaderMatches"
"","251","navigates to all rules when clicking ""All Rules""","RulesAccordion","Wed May 13 19:24:36 UTC 2026","passed","Wed May 13 19:24:37 UTC 2026","","","",""
"","79","copys children value to clipboard after clicking the copy btn","CodeController","Wed May 13 19:26:19 UTC 2026","passed","Wed May 13 19:26:19 UTC 2026","","","",""
"Test cases for TestReadDomainIDandNameAsString","0","TestReadDomainIDandNameAsString","","Wed May 13 19:21:12 UTC 2026","passed","Wed May 13 19:21:12 UTC 2026","","Go Test","github.com/specterops/bloodhound/packages/go/analysis/ad/internal/nodeprops/TestReadDomainIDandNameAsString","TestReadDomainIDandNameAsString"
"","10","renders highlight only for active member when memberId is present","SelectedHighlight","Wed May 13 19:25:42 UTC 2026","passed","Wed May 13 19:25:42 UTC 2026","","","",""
"Test cases for TestResources_ListADEntityRDPRights","1","TestResources_ListADEntityRDPRights","","Wed May 13 19:20:56 UTC 2026","passed","Wed May 13 19:20:56 UTC 2026","","Go Test","github.com/specterops/bloodhound/cmd/api/src/api/v2/TestResources_ListADEntityRDPRights","TestResources_ListADEntityRDPRights"
"Test cases for TestResources_ListADComputerSQLAdmins","0","TestResources_ListADComputerSQLAdmins","","Wed May 13 19:20:56 UTC 2026","passed","Wed May 13 19:20:56 UTC 2026","","Go Test","github.com/specterops/bloodhound/cmd/api/src/api/v2/TestResources_ListADComputerSQLAdmins","TestResources_ListADComputerSQLAdmins"
"","87","renders citrix config controls","BloodHoundConfiguration","Wed May 13 19:27:47 UTC 2026","passed","Wed May 13 19:27:47 UTC 2026","","","",""
"","1470","should render search input","Pathfinding","Wed May 13 19:22:14 UTC 2026","passed","Wed May 13 19:22:15 UTC 2026","","","",""
"Test cases for TestResources_ListADGroupMembership","1","TestResources_ListADGroupMembership","","Wed May 13 19:20:56 UTC 2026","passed","Wed May 13 19:20:56 UTC 2026","","Go Test","github.com/specterops/bloodhound/cmd/api/src/api/v2/TestResources_ListADGroupMembership","TestResources_ListADGroupMembership"
"","716","should not call onSubmit when expired password matches current password when reset password button clicked","PasswordResetForm","Wed May 13 19:24:15 UTC 2026","passed","Wed May 13 19:24:15 UTC 2026","","","",""
"","304","filling in the name value allows updating the selector and navigates back to the details page","Tag Form","Wed May 13 19:21:47 UTC 2026","passed","Wed May 13 19:21:48 UTC 2026","","","",""
"","541","clicking cancel on the form takes the user back to the details page the user was on previously","Rule Form","Wed May 13 19:22:05 UTC 2026","passed","Wed May 13 19:22:06 UTC 2026","","","",""
"Test cases for Test_filterAndFormatSearchResults_filterEnvironments","0","Test_filterAndFormatSearchResults_filterEnvironments","","Wed May 13 19:20:56 UTC 2026","passed","Wed May 13 19:20:56 UTC 2026","","Go Test","github.com/specterops/bloodhound/cmd/api/src/api/v2/Test_filterAndFormatSearchResults_filterEnvironments","Test_filterAndFormatSearchResults_filterEnvironments"
"Test cases for TestSIDSuffix_String","0","TestSIDSuffix_String","","Wed May 13 19:21:12 UTC 2026","passed","Wed May 13 19:21:12 UTC 2026","","Go Test","github.com/specterops/bloodhound/packages/go/analysis/ad/wellknown/TestSIDSuffix_String","TestSIDSuffix_String"
"","18","displays CaretDownOutline icon when the sortOrder is undefined","ColumnHeaders","Wed May 13 19:24:27 UTC 2026","passed","Wed May 13 19:24:27 UTC 2026","","SortableHeader","",""
"","1","returns a function that can set arrays query params removes previous values set to that array query param","searchParams","Wed May 13 19:25:05 UTC 2026","passed","Wed May 13 19:25:05 UTC 2026","","setSingleParamFactory","",""
"Test cases for TestManagementResource_DeleteAuthToken","9","TestManagementResource_DeleteAuthToken","","Wed May 13 19:21:31 UTC 2026","passed","Wed May 13 19:21:31 UTC 2026","","Go Test","github.com/specterops/bloodhound/cmd/api/src/api/v2/auth/TestManagementResource_DeleteAuthToken","TestManagementResource_DeleteAuthToken"
"","67","navigates to the specified route with global params intact","AppNavigate","Wed May 13 19:25:22 UTC 2026","passed","Wed May 13 19:25:22 UTC 2026","","","",""
"","76","should display locally formatted numbers if they are larger than 999","LoadContainer","Wed May 13 19:26:42 UTC 2026","passed","Wed May 13 19:26:43 UTC 2026","","","",""
"","557","lists all available node kinds as options to filter by","AssetGroupEdit","Wed May 13 19:23:29 UTC 2026","passed","Wed May 13 19:23:30 UTC 2026","","Node Type dropdown filter","",""
"","0","returns Cypher message when ruleType is SeedTypeCypher and seeds are required","getErrorMessage","Wed May 13 19:23:01 UTC 2026","passed","Wed May 13 19:23:01 UTC 2026","","","",""
"","293","adds a ""Close"" button that closes the dialog after a failed upload","SchemaUploadDialog","Wed May 13 19:22:59 UTC 2026","passed","Wed May 13 19:22:59 UTC 2026","","","",""
"","68","populates the source and destination node fields when query params are passed","usePathfindingSearch","Wed May 13 19:24:09 UTC 2026","passed","Wed May 13 19:24:09 UTC 2026","","","",""
"","4","Default label and sizing are used when graph of origin does not specify","copySigmaNodesToGraphlibGraph","Wed May 13 19:27:30 UTC 2026","passed","Wed May 13 19:27:30 UTC 2026","","","",""
"","290","The reset password and two-factor authentication options should not appear in profile page if the user is configured for SAML login","UserProfile with SSO User","Wed May 13 19:23:41 UTC 2026","passed","Wed May 13 19:23:41 UTC 2026","","","",""
"","279","has date range input filters","FileIngestFilterDialog","Wed May 13 19:23:06 UTC 2026","passed","Wed May 13 19:23:06 UTC 2026","","Date Range Inputs","",""
"","134","shows ""Expired"" in red when the expiration date has already passed","UserTokenManagementDialog - API Expiration Date column","Wed May 13 19:23:10 UTC 2026","passed","Wed May 13 19:23:10 UTC 2026","","","",""
"Test cases for TestOpenGraphSchemaService_DeleteExtension","3","TestOpenGraphSchemaService_DeleteExtension","","Wed May 13 19:21:04 UTC 2026","passed","Wed May 13 19:21:04 UTC 2026","","Go Test","github.com/specterops/bloodhound/cmd/api/src/services/opengraphschema/TestOpenGraphSchemaService_DeleteExtension","TestOpenGraphSchemaService_DeleteExtension"
"","8","returns the remaining amount of labels available for creation","useTagLimits","Wed May 13 19:22:23 UTC 2026","passed","Wed May 13 19:22:23 UTC 2026","","","",""
"","15","does not call onSort when disable=true","ColumnHeaders","Wed May 13 19:24:27 UTC 2026","passed","Wed May 13 19:24:27 UTC 2026","","SortableHeader","",""
"","787","should render a create user form","CreateUserDialog","Wed May 13 19:22:27 UTC 2026","passed","Wed May 13 19:22:28 UTC 2026","","","",""
"","229","should call onClose when the Close button is clicked","UpsertSAMLProviderForm","Wed May 13 19:25:24 UTC 2026","passed","Wed May 13 19:25:24 UTC 2026","","","",""
"","31","should display a none selected header and a message to select an object","EntityInfoPanel","Wed May 13 19:25:37 UTC 2026","passed","Wed May 13 19:25:37 UTC 2026","","","",""
"","34","does not add a query param if the search term is empty","useNodeSearch","Wed May 13 19:25:41 UTC 2026","passed","Wed May 13 19:25:41 UTC 2026","","","",""
"Test cases for TestResources_ListADDomainContainedUsers","1","TestResources_ListADDomainContainedUsers","","Wed May 13 19:20:56 UTC 2026","passed","Wed May 13 19:20:56 UTC 2026","","Go Test","github.com/specterops/bloodhound/cmd/api/src/api/v2/TestResources_ListADDomainContainedUsers","TestResources_ListADDomainContainedUsers"
"Test cases for TestAuditLogin_UserNotFound","0","TestAuditLogin_UserNotFound","","Wed May 13 19:20:45 UTC 2026","passed","Wed May 13 19:20:45 UTC 2026","","Go Test","github.com/specterops/bloodhound/cmd/api/src/api/TestAuditLogin_UserNotFound","TestAuditLogin_UserNotFound"
"","202","Displays a notification when analysis has been requested successfully","AnalyzeNowConfiguration","Wed May 13 19:23:49 UTC 2026","passed","Wed May 13 19:23:49 UTC 2026","","","",""
"","4781","does not close explore search tab menu or entity info panel when search returns zero nodes","CypherSearch","Wed May 13 19:22:37 UTC 2026","passed","Wed May 13 19:22:41 UTC 2026","","Minimize explorer page elements when multiple nodes are returned","",""
"Test cases for TestParseGPOData","2","TestParseGPOData","","Wed May 13 19:21:13 UTC 2026","passed","Wed May 13 19:21:13 UTC 2026","","Go Test","github.com/specterops/bloodhound/packages/go/ein/TestParseGPOData","TestParseGPOData"
"Test cases for TestRoleAssignments_NodesWithRole","0","TestRoleAssignments_NodesWithRole","","Wed May 13 19:21:12 UTC 2026","passed","Wed May 13 19:21:12 UTC 2026","","Go Test","github.com/specterops/bloodhound/packages/go/analysis/azure/TestRoleAssignments_NodesWithRole","TestRoleAssignments_NodesWithRole"
"Test cases for TestResources_DeleteSavedQuery_RecordNotFound","0","TestResources_DeleteSavedQuery_RecordNotFound","","Wed May 13 19:20:56 UTC 2026","passed","Wed May 13 19:20:56 UTC 2026","","Go Test","github.com/specterops/bloodhound/cmd/api/src/api/v2/TestResources_DeleteSavedQuery_RecordNotFound","TestResources_DeleteSavedQuery_RecordNotFound"
"","99","should display a total count of asset group members","AssetGroupEdit","Wed May 13 19:24:54 UTC 2026","passed","Wed May 13 19:24:54 UTC 2026","","","",""
"","2","stores an array value in localStorage","useLocalStorage","Wed May 13 19:23:48 UTC 2026","passed","Wed May 13 19:23:48 UTC 2026","","setValue","",""
"","1","does not add optional filters if not present","createHistoryParams","Wed May 13 19:25:41 UTC 2026","passed","Wed May 13 19:25:41 UTC 2026","","","",""
"","88","renders Empty when items is undefined and Empty is provided","<DetailsAccordion />","Wed May 13 19:23:16 UTC 2026","passed","Wed May 13 19:23:17 UTC 2026","","","",""
"","5","returns bounds for text rendered to canvas","getLabelBoundsFromContext","Wed May 13 19:27:34 UTC 2026","passed","Wed May 13 19:27:34 UTC 2026","","","",""
"Test cases for TestFloatSetValid","0","TestFloatSetValid","","Wed May 13 19:20:59 UTC 2026","passed","Wed May 13 19:20:59 UTC 2026","","Go Test","github.com/specterops/bloodhound/cmd/api/src/database/types/null/TestFloatSetValid","TestFloatSetValid"
"Test cases for TestCacheEntryDigester_PoolStateReuse","0","TestCacheEntryDigester_PoolStateReuse","","Wed May 13 19:21:03 UTC 2026","passed","Wed May 13 19:21:03 UTC 2026","","Go Test","github.com/specterops/bloodhound/cmd/api/src/services/graphify/endpoint/TestCacheEntryDigester_PoolStateReuse","TestCacheEntryDigester_PoolStateReuse"
"","105","continue button is disabled when no SSO provider has been selected","LoginViaSSOForm","Wed May 13 19:25:02 UTC 2026","passed","Wed May 13 19:25:03 UTC 2026","","","",""
"","63","shows an error notification if there is an error fetching","useFinishedJobs","Wed May 13 19:24:03 UTC 2026","passed","Wed May 13 19:24:04 UTC 2026","","","",""
"Test cases for TestResources_GetContainerEntityInfo","194","TestResources_GetContainerEntityInfo","","Wed May 13 19:20:56 UTC 2026","passed","Wed May 13 19:20:56 UTC 2026","","Go Test","github.com/specterops/bloodhound/cmd/api/src/api/v2/TestResources_GetContainerEntityInfo","TestResources_GetContainerEntityInfo"
"","110","renders when all data is available and rule is not default","Delete Selector Button rendering","Wed May 13 19:26:15 UTC 2026","passed","Wed May 13 19:26:15 UTC 2026","","","",""
"Test cases for TestDurationValidator","0","TestDurationValidator","","Wed May 13 19:21:09 UTC 2026","passed","Wed May 13 19:21:09 UTC 2026","","Go Test","github.com/specterops/bloodhound/cmd/api/src/utils/validation/TestDurationValidator","TestDurationValidator"
"","330","should render the pathfinding search controls when searchType is pathfinding","ExploreSearch rendering per tab","Wed May 13 19:27:04 UTC 2026","passed","Wed May 13 19:27:04 UTC 2026","","","",""
"","12","returns early if there are no 'collected' environments","useInitialEnvironment","Wed May 13 19:25:28 UTC 2026","passed","Wed May 13 19:25:28 UTC 2026","","","",""
"","45","does not render the analysis toggle when multi tier analysis enabled is false","Tag Form","Wed May 13 19:21:47 UTC 2026","passed","Wed May 13 19:21:47 UTC 2026","","","",""
"","180","calls onClose when user clicks cancel","PasswordDialog","Wed May 13 19:22:19 UTC 2026","passed","Wed May 13 19:22:19 UTC 2026","","","",""
"","106","should not display the ETAC role-based filtering badge when filtering is disabled","Zone Management","Wed May 13 19:25:26 UTC 2026","passed","Wed May 13 19:25:26 UTC 2026","","","",""
"","1","takes updatedParams and current URLSearchParams and returns a function","searchParams","Wed May 13 19:25:05 UTC 2026","passed","Wed May 13 19:25:05 UTC 2026","","setSingleParamFactory","",""
"","0","returns empty array when combined filters match nothing","filterAndSearchEnvironments","Wed May 13 19:22:00 UTC 2026","passed","Wed May 13 19:22:00 UTC 2026","","combined filters","",""
"Test cases for TestIntPointer","0","TestIntPointer","","Wed May 13 19:20:59 UTC 2026","passed","Wed May 13 19:20:59 UTC 2026","","Go Test","github.com/specterops/bloodhound/cmd/api/src/database/types/null/TestIntPointer","TestIntPointer"
"","0","fails for password without digits","testPassword","Wed May 13 19:26:34 UTC 2026","passed","Wed May 13 19:26:34 UTC 2026","","","",""
"Test cases for TestQueries_BuildEntityQueryParams_InvalidSkip","0","TestQueries_BuildEntityQueryParams_InvalidSkip","","Wed May 13 19:21:02 UTC 2026","passed","Wed May 13 19:21:02 UTC 2026","","Go Test","github.com/specterops/bloodhound/cmd/api/src/queries/TestQueries_BuildEntityQueryParams_InvalidSkip","TestQueries_BuildEntityQueryParams_InvalidSkip"
"","417","displays correct content based on platform filter AD","CommonSearches","Wed May 13 19:23:21 UTC 2026","passed","Wed May 13 19:23:22 UTC 2026","","","",""
"Test cases for TestResources_UpdateSavedQuery_NoQueryMatch","0","TestResources_UpdateSavedQuery_NoQueryMatch","","Wed May 13 19:20:56 UTC 2026","passed","Wed May 13 19:20:56 UTC 2026","","Go Test","github.com/specterops/bloodhound/cmd/api/src/api/v2/TestResources_UpdateSavedQuery_NoQueryMatch","TestResources_UpdateSavedQuery_NoQueryMatch"
"","16","navigates to the specified route with global params intact when triggered by a splat route","AppNavigate","Wed May 13 19:25:22 UTC 2026","passed","Wed May 13 19:25:22 UTC 2026","","","",""
"","4","uses sequentialLayout by default","Explore utils","Wed May 13 19:27:18 UTC 2026","passed","Wed May 13 19:27:18 UTC 2026","","initGraph","",""
"","53","indicates the code container is scrollable when the code is unwrapped","CodeController","Wed May 13 19:26:19 UTC 2026","passed","Wed May 13 19:26:19 UTC 2026","","","",""
"","62","is disabled if no filters are active","AssetGroupEdit","Wed May 13 19:23:31 UTC 2026","passed","Wed May 13 19:23:31 UTC 2026","","Clear Filters button","",""
"Test cases for TestManagementResource_ListRoles_Filtered","0","TestManagementResource_ListRoles_Filtered","","Wed May 13 19:21:02 UTC 2026","passed","Wed May 13 19:21:02 UTC 2026","","Go Test","github.com/specterops/bloodhound/cmd/api/src/api/v2/auth/TestManagementResource_ListRoles_Filtered","TestManagementResource_ListRoles_Filtered"
"Test cases for TestModifyCookieAttribute","2","TestModifyCookieAttribute","","Wed May 13 19:21:09 UTC 2026","passed","Wed May 13 19:21:09 UTC 2026","","Go Test","github.com/specterops/bloodhound/cmd/api/src/utils/test/TestModifyCookieAttribute","TestModifyCookieAttribute"
"","0","returns paramValue as EnvironmentAggregation if paramValue is active-directory","useEnvironmentParams","Wed May 13 19:26:34 UTC 2026","passed","Wed May 13 19:26:34 UTC 2026","","parseEnvironmentAggregation","",""
"","0","maps cypher 504 errors to timeout messaging","useExploreGraph","Wed May 13 19:22:53 UTC 2026","passed","Wed May 13 19:22:53 UTC 2026","","exploreGraphQueryFactory","",""
"","0","should handle the well formed entities","Evaluating the entity display name from a given entity","Wed May 13 19:23:24 UTC 2026","passed","Wed May 13 19:23:24 UTC 2026","","","",""
"","6","updates key in state","useObjectState","Wed May 13 19:25:51 UTC 2026","passed","Wed May 13 19:25:51 UTC 2026","","","",""
"","132","returns false when no nodes are available","useGraphHasData","Wed May 13 19:26:00 UTC 2026","passed","Wed May 13 19:26:01 UTC 2026","","","",""
"Test cases for TestManagementResource_ListAuthTokens_InvalidFilterPredicate","1","TestManagementResource_ListAuthTokens_InvalidFilterPredicate","","Wed May 13 19:21:23 UTC 2026","passed","Wed May 13 19:21:23 UTC 2026","","Go Test","github.com/specterops/bloodhound/cmd/api/src/api/v2/auth/TestManagementResource_ListAuthTokens_InvalidFilterPredicate","TestManagementResource_ListAuthTokens_InvalidFilterPredicate"
"Test cases for TestResources_ListAuditLogs","0","TestResources_ListAuditLogs","","Wed May 13 19:20:56 UTC 2026","passed","Wed May 13 19:20:56 UTC 2026","","Go Test","github.com/specterops/bloodhound/cmd/api/src/api/v2/TestResources_ListAuditLogs","TestResources_ListAuditLogs"
"","755","dark mode should persist between logging in and out","redux store","Wed May 13 19:27:37 UTC 2026","passed","Wed May 13 19:27:38 UTC 2026","","","",""
"","146","renders the form for creating a new label","Tag Form","Wed May 13 19:21:46 UTC 2026","passed","Wed May 13 19:21:46 UTC 2026","","","",""
"","106","should render tag to Label content","TagToZoneLabelDialog","Wed May 13 19:24:34 UTC 2026","passed","Wed May 13 19:24:34 UTC 2026","","","",""
"","529","shows error notification when deletion fails","ActiveExtensionsCard","Wed May 13 19:22:09 UTC 2026","passed","Wed May 13 19:22:10 UTC 2026","","","",""
"","61","displays ! icon when one of the Affected Object calls fail","EntityInfoDataTable","Wed May 13 19:23:05 UTC 2026","passed","Wed May 13 19:23:05 UTC 2026","","Node count for nested table that counts all sections","",""
"","111","should fire Confirm once with true","ConfirmationDialog","Wed May 13 19:26:23 UTC 2026","passed","Wed May 13 19:26:24 UTC 2026","","","",""
"","113","should display the logged in user's role","UserProfile","Wed May 13 19:23:42 UTC 2026","passed","Wed May 13 19:23:42 UTC 2026","","","",""
"","56","renders the title passed via title prop","ColumnHeaders","Wed May 13 19:24:27 UTC 2026","passed","Wed May 13 19:24:27 UTC 2026","","BaseColumnHeader","",""
"","205","displays error if delete button is clicked when no checkbox is selected","DatabaseManagement","Wed May 13 19:27:05 UTC 2026","passed","Wed May 13 19:27:05 UTC 2026","","","",""
"","4","matches all AD edges","Make sure pathfinding filterable edges match schemagen","Wed May 13 19:26:34 UTC 2026","passed","Wed May 13 19:26:34 UTC 2026","","","",""
"","321","should render","LoginForm","Wed May 13 19:25:55 UTC 2026","passed","Wed May 13 19:25:55 UTC 2026","","","",""
"","1143","renders","Privilege Zones History Filter Dialog","Wed May 13 19:24:02 UTC 2026","passed","Wed May 13 19:24:03 UTC 2026","","","",""
"","31","calls getKey for each item (stable keys hook)","<DetailsAccordion />","Wed May 13 19:23:17 UTC 2026","passed","Wed May 13 19:23:17 UTC 2026","","","",""
"","294","sets a primarySearch=id and searchType=node when secondarySearch is falsey","ContextMenu","Wed May 13 19:27:16 UTC 2026","passed","Wed May 13 19:27:17 UTC 2026","","","",""
"","603","displays a Upload Files button","FileIngest","Wed May 13 19:25:45 UTC 2026","passed","Wed May 13 19:25:46 UTC 2026","","","",""
"","4234","expand all button expands all sections after collapsing","Pathfinding","Wed May 13 19:22:40 UTC 2026","passed","Wed May 13 19:22:45 UTC 2026","","","",""
"","1048","allows switching between the Zones and Labels tabs","Zone Management","Wed May 13 19:25:25 UTC 2026","passed","Wed May 13 19:25:26 UTC 2026","","","",""
"","368","renders no asset group edit options without graph write permissions","ContextMenu","Wed May 13 19:23:11 UTC 2026","passed","Wed May 13 19:23:11 UTC 2026","","","",""
"Test cases for TestManagementResource_SAMLLoginHandler","11","TestManagementResource_SAMLLoginHandler","","Wed May 13 19:21:31 UTC 2026","passed","Wed May 13 19:21:31 UTC 2026","","Go Test","github.com/specterops/bloodhound/cmd/api/src/api/v2/auth/TestManagementResource_SAMLLoginHandler","TestManagementResource_SAMLLoginHandler"
"","8","displays a pulsing indicator","StatusIndicator","Wed May 13 19:26:27 UTC 2026","passed","Wed May 13 19:26:27 UTC 2026","","","",""
"","679","should call onSubmit when input is valid and Submit button is clicked","UpsertSAMLProviderForm","Wed May 13 19:25:24 UTC 2026","passed","Wed May 13 19:25:25 UTC 2026","","","",""
"","1370","should remove the option from the changelog when the corresponding button is clicked","AssetGroupEdit","Wed May 13 19:24:57 UTC 2026","passed","Wed May 13 19:24:59 UTC 2026","","","",""
"","0","returns name uniqueness message for ""name must be unique""","getErrorMessage","Wed May 13 19:23:01 UTC 2026","passed","Wed May 13 19:23:01 UTC 2026","","","",""
"","125","links to the specified route with global params intact","AppLink","Wed May 13 19:24:50 UTC 2026","passed","Wed May 13 19:24:50 UTC 2026","","","",""
"","204","displays validation error messages when Save button is clicked and no form input is provided","PasswordDialog","Wed May 13 19:22:19 UTC 2026","passed","Wed May 13 19:22:19 UTC 2026","","","",""
"","87","does not show View in Explore if in object rule type","Seed Selection Results","Wed May 13 19:23:13 UTC 2026","passed","Wed May 13 19:23:13 UTC 2026","","","",""
"","0","uses the correct entity name in the Object ID message","getErrorMessage","Wed May 13 19:23:01 UTC 2026","passed","Wed May 13 19:23:01 UTC 2026","","","",""
"","265","Toggles node and edge labels on/off depending on their existing state","GraphControls","Wed May 13 19:22:56 UTC 2026","passed","Wed May 13 19:22:57 UTC 2026","","Toggling labels","",""
"Test cases for TestResources_ListAuditLogs_OnlySkip","0","TestResources_ListAuditLogs_OnlySkip","","Wed May 13 19:20:56 UTC 2026","passed","Wed May 13 19:20:56 UTC 2026","","Go Test","github.com/specterops/bloodhound/cmd/api/src/api/v2/TestResources_ListAuditLogs_OnlySkip","TestResources_ListAuditLogs_OnlySkip"
"Test cases for TestParseHeaderValues","0","TestParseHeaderValues","","Wed May 13 19:20:49 UTC 2026","passed","Wed May 13 19:20:49 UTC 2026","","Go Test","github.com/specterops/bloodhound/cmd/api/src/api/middleware/TestParseHeaderValues","TestParseHeaderValues"
"Test cases for Test_ParseGraphSortParameters_InvalidSortColumn","0","Test_ParseGraphSortParameters_InvalidSortColumn","","Wed May 13 19:20:45 UTC 2026","passed","Wed May 13 19:20:45 UTC 2026","","Go Test","github.com/specterops/bloodhound/cmd/api/src/api/Test_ParseGraphSortParameters_InvalidSortColumn","Test_ParseGraphSortParameters_InvalidSortColumn"
"Test cases for TestResources_ListPublishedTemplates","2","TestResources_ListPublishedTemplates","","Wed May 13 19:20:56 UTC 2026","passed","Wed May 13 19:20:56 UTC 2026","","Go Test","github.com/specterops/bloodhound/cmd/api/src/api/v2/TestResources_ListPublishedTemplates","TestResources_ListPublishedTemplates"
"Test cases for TestBuildErrorResponseBadRequest","0","TestBuildErrorResponseBadRequest","","Wed May 13 19:20:45 UTC 2026","passed","Wed May 13 19:20:45 UTC 2026","","Go Test","github.com/specterops/bloodhound/cmd/api/src/api/TestBuildErrorResponseBadRequest","TestBuildErrorResponseBadRequest"
"","6","displays lastlogontimestamp cell as NEVER when the value is -1","ExploreTableDataCell","Wed May 13 19:25:54 UTC 2026","passed","Wed May 13 19:25:54 UTC 2026","","","",""
"Test cases for TestParseOptionalBool","0","TestParseOptionalBool","","Wed May 13 19:20:45 UTC 2026","passed","Wed May 13 19:20:45 UTC 2026","","Go Test","github.com/specterops/bloodhound/cmd/api/src/api/TestParseOptionalBool","TestParseOptionalBool"
"","767","renders a link to the explore page when member is clicked","GroupManagement","Wed May 13 19:27:27 UTC 2026","passed","Wed May 13 19:27:28 UTC 2026","","","",""
"","1","filters by high risk level","filterAndSearchEnvironments","Wed May 13 19:22:00 UTC 2026","passed","Wed May 13 19:22:00 UTC 2026","","risk filters","",""
"","92","shows the direct object and expanded object list when results are present for both","Seed Selection Results","Wed May 13 19:23:13 UTC 2026","passed","Wed May 13 19:23:13 UTC 2026","","","",""
"","53","should render oidc info provider","SSOProviderTable","Wed May 13 19:25:03 UTC 2026","passed","Wed May 13 19:25:03 UTC 2026","","","",""
"Test cases for TestManagementResource_EnrollMFA","1844","TestManagementResource_EnrollMFA","","Wed May 13 19:21:23 UTC 2026","passed","Wed May 13 19:21:25 UTC 2026","","Go Test","github.com/specterops/bloodhound/cmd/api/src/api/v2/auth/TestManagementResource_EnrollMFA","TestManagementResource_EnrollMFA"
"","531","should render an SavedQueryPermissions component","SavedQueryPermissions","Wed May 13 19:24:56 UTC 2026","passed","Wed May 13 19:24:56 UTC 2026","","","",""
"Test cases for TestResources_GetSearchResult_ETAC","27","TestResources_GetSearchResult_ETAC","","Wed May 13 19:20:56 UTC 2026","passed","Wed May 13 19:20:56 UTC 2026","","Go Test","github.com/specterops/bloodhound/cmd/api/src/api/v2/TestResources_GetSearchResult_ETAC","TestResources_GetSearchResult_ETAC"
"","107","button displays ""Enabled"" when flag is enabled","EarlyAccessFeatureToggle","Wed May 13 19:27:35 UTC 2026","passed","Wed May 13 19:27:36 UTC 2026","","","",""
"Test cases for TestSavedQueries_IsSortable","0","TestSavedQueries_IsSortable","","Wed May 13 19:20:59 UTC 2026","passed","Wed May 13 19:20:59 UTC 2026","","Go Test","github.com/specterops/bloodhound/cmd/api/src/model/TestSavedQueries_IsSortable","TestSavedQueries_IsSortable"
"","108","disables the create user button and does not populate a table if the user lacks the permission","Users","Wed May 13 19:23:55 UTC 2026","passed","Wed May 13 19:23:56 UTC 2026","","","",""
"","83","disables the JSON button if the JSON is empty","GraphControls","Wed May 13 19:22:57 UTC 2026","passed","Wed May 13 19:22:57 UTC 2026","","Exporting json","",""
"Test cases for TestRewriter_Enter_AzureAttackPathsShortcut_ReplacesKinds","0","TestRewriter_Enter_AzureAttackPathsShortcut_ReplacesKinds","","Wed May 13 19:21:02 UTC 2026","passed","Wed May 13 19:21:02 UTC 2026","","Go Test","github.com/specterops/bloodhound/cmd/api/src/queries/TestRewriter_Enter_AzureAttackPathsShortcut_ReplacesKinds","TestRewriter_Enter_AzureAttackPathsShortcut_ReplacesKinds"
"","46","stores the state of a search term without modifying the query params","useCypherSearch","Wed May 13 19:26:09 UTC 2026","passed","Wed May 13 19:26:09 UTC 2026","","","",""
"","218","should call the onClick function when clicked","GraphButton","Wed May 13 19:26:38 UTC 2026","passed","Wed May 13 19:26:38 UTC 2026","","","",""
"Test cases for TestResources_ListRootCAPKIHierarchy","1","TestResources_ListRootCAPKIHierarchy","","Wed May 13 19:20:56 UTC 2026","passed","Wed May 13 19:20:56 UTC 2026","","Go Test","github.com/specterops/bloodhound/cmd/api/src/api/v2/TestResources_ListRootCAPKIHierarchy","TestResources_ListRootCAPKIHierarchy"
"","26","should display hidden node label for hidden node","EntityInfoHeader","Wed May 13 19:24:58 UTC 2026","passed","Wed May 13 19:24:58 UTC 2026","","","",""
"","0","returns undefined if graphData is null or not a GraphResponse","getExploreTableData","Wed May 13 19:24:31 UTC 2026","passed","Wed May 13 19:24:31 UTC 2026","","","",""
"Test cases for TestIngestJobs_ValidFilters","0","TestIngestJobs_ValidFilters","","Wed May 13 19:20:59 UTC 2026","passed","Wed May 13 19:20:59 UTC 2026","","Go Test","github.com/specterops/bloodhound/cmd/api/src/model/TestIngestJobs_ValidFilters","TestIngestJobs_ValidFilters"
"Test cases for TestTextUnmarshalInt64","0","TestTextUnmarshalInt64","","Wed May 13 19:20:59 UTC 2026","passed","Wed May 13 19:20:59 UTC 2026","","Go Test","github.com/specterops/bloodhound/cmd/api/src/database/types/null/TestTextUnmarshalInt64","TestTextUnmarshalInt64"
"Test cases for TestManagementResource_ListUsers_InvalidColumn","0","TestManagementResource_ListUsers_InvalidColumn","","Wed May 13 19:21:02 UTC 2026","passed","Wed May 13 19:21:02 UTC 2026","","Go Test","github.com/specterops/bloodhound/cmd/api/src/api/v2/auth/TestManagementResource_ListUsers_InvalidColumn","TestManagementResource_ListUsers_InvalidColumn"
"","11","shows ""no permission"" notification if lacking permission","useFinishedJobs","Wed May 13 19:24:03 UTC 2026","passed","Wed May 13 19:24:03 UTC 2026","","","",""
"Test cases for TestSetValuesFromEnv","1","TestSetValuesFromEnv","","Wed May 13 19:20:57 UTC 2026","passed","Wed May 13 19:20:57 UTC 2026","","Go Test","github.com/specterops/bloodhound/cmd/api/src/config/TestSetValuesFromEnv","TestSetValuesFromEnv"
"","488","sets exploreSearchTab param to cypher when the user clicks the `cypher` tab","ExploreSearch sets searchType on tab changing","Wed May 13 19:27:05 UTC 2026","passed","Wed May 13 19:27:06 UTC 2026","","","",""
"Helper to verify that encodeAnyValue handles standard types correctly","0","TestEncodeAnyValue","","Wed May 13 19:21:03 UTC 2026","passed","Wed May 13 19:21:03 UTC 2026","","Go Test","github.com/specterops/bloodhound/cmd/api/src/services/graphify/endpoint/TestEncodeAnyValue","TestEncodeAnyValue"
"","60","shows the direct object list and expanded object list empty, when only direct objects in results","Seed Selection Results","Wed May 13 19:23:13 UTC 2026","passed","Wed May 13 19:23:13 UTC 2026","","","",""
"","66","fetches new information when a different databaseId is passed","useFetchEntityInfo","Wed May 13 19:24:17 UTC 2026","passed","Wed May 13 19:24:17 UTC 2026","","","",""
"","275","renders analyze now section","AnalyzeNowConfiguration","Wed May 13 19:23:48 UTC 2026","passed","Wed May 13 19:23:48 UTC 2026","","","",""
"","283","sets a secondary=id and searchType=pathfinding when primary is truthy","ContextMenu","Wed May 13 19:27:17 UTC 2026","passed","Wed May 13 19:27:17 UTC 2026","","","",""
"","127","should display an error when error prop is truthy","SaveQueryDialog","Wed May 13 19:21:49 UTC 2026","passed","Wed May 13 19:21:49 UTC 2026","","","",""
"Test cases for TestBuildErrorResponseConflict","4","TestBuildErrorResponseConflict","","Wed May 13 19:20:45 UTC 2026","passed","Wed May 13 19:20:45 UTC 2026","","Go Test","github.com/specterops/bloodhound/cmd/api/src/api/TestBuildErrorResponseConflict","TestBuildErrorResponseConflict"
"","188","opens and closes the dialog with the cancel button","Tag Form","Wed May 13 19:21:49 UTC 2026","passed","Wed May 13 19:21:50 UTC 2026","","","",""
"","2688","categories default to expanded","Pathfinding","Wed May 13 19:22:18 UTC 2026","passed","Wed May 13 19:22:20 UTC 2026","","","",""
"","1001","shows a warning for using labels associated with tags in zone forms","Rule Form","Wed May 13 19:22:07 UTC 2026","passed","Wed May 13 19:22:09 UTC 2026","","","",""
"","0","handles specific Active Directory properties differently than Azure derived properties","Formatting number properties","Wed May 13 19:23:24 UTC 2026","passed","Wed May 13 19:23:24 UTC 2026","","","",""
"","240","should not display generate/revoke api tokens button","Api Keys","Wed May 13 19:25:09 UTC 2026","passed","Wed May 13 19:25:09 UTC 2026","","","",""
"Test cases for TestCreateUser_FailureDuplicateEmail","1509","TestCreateUser_FailureDuplicateEmail","","Wed May 13 19:21:02 UTC 2026","passed","Wed May 13 19:21:04 UTC 2026","","Go Test","github.com/specterops/bloodhound/cmd/api/src/api/v2/auth/TestCreateUser_FailureDuplicateEmail","TestCreateUser_FailureDuplicateEmail"
"Test cases for TestStringValueOrZero","0","TestStringValueOrZero","","Wed May 13 19:20:59 UTC 2026","passed","Wed May 13 19:20:59 UTC 2026","","Go Test","github.com/specterops/bloodhound/cmd/api/src/database/types/null/TestStringValueOrZero","TestStringValueOrZero"
"","611","renders the Platforms dropdown and handles click event","QuerySearchFilter","Wed May 13 19:24:43 UTC 2026","passed","Wed May 13 19:24:44 UTC 2026","","","",""
"Test cases for TestUrlValidator","0","TestUrlValidator","","Wed May 13 19:21:09 UTC 2026","passed","Wed May 13 19:21:09 UTC 2026","","Go Test","github.com/specterops/bloodhound/cmd/api/src/utils/validation/TestUrlValidator","TestUrlValidator"
"","467","changes the text from ""Disabled"" to ""Enabled"" when the Rule Status switch is toggled","Rule Form","Wed May 13 19:22:04 UTC 2026","passed","Wed May 13 19:22:04 UTC 2026","","","",""
"Test cases for TestManagementResource_OIDCCallbackHandler","6","TestManagementResource_OIDCCallbackHandler","","Wed May 13 19:21:31 UTC 2026","passed","Wed May 13 19:21:31 UTC 2026","","Go Test","github.com/specterops/bloodhound/cmd/api/src/api/v2/auth/TestManagementResource_OIDCCallbackHandler","TestManagementResource_OIDCCallbackHandler"
"Test cases for TestCache_Get","0","TestCache_Get","","Wed May 13 19:21:12 UTC 2026","passed","Wed May 13 19:21:12 UTC 2026","","Go Test","github.com/specterops/bloodhound/packages/go/cache/TestCache_Get","TestCache_Get"
"Test cases for TestResources_DeleteAssetGroupTagSelector","0","TestResources_DeleteAssetGroupTagSelector","","Wed May 13 19:20:56 UTC 2026","passed","Wed May 13 19:20:56 UTC 2026","","Go Test","github.com/specterops/bloodhound/cmd/api/src/api/v2/TestResources_DeleteAssetGroupTagSelector","TestResources_DeleteAssetGroupTagSelector"
"Test cases for TestIsDeadlockError","2","TestIsDeadlockError","","Wed May 13 19:20:58 UTC 2026","passed","Wed May 13 19:20:58 UTC 2026","","Go Test","github.com/specterops/bloodhound/cmd/api/src/daemons/changelog/TestIsDeadlockError","TestIsDeadlockError"
"Test cases for TestAssetGroupMembers_Filter_NotEquals","0","TestAssetGroupMembers_Filter_NotEquals","","Wed May 13 19:20:45 UTC 2026","passed","Wed May 13 19:20:45 UTC 2026","","Go Test","github.com/specterops/bloodhound/cmd/api/src/api/TestAssetGroupMembers_Filter_NotEquals","TestAssetGroupMembers_Filter_NotEquals"
"","33","displays lastlogon cell as UNKNOWN when the value is 0","ExploreTableDataCell","Wed May 13 19:25:55 UTC 2026","passed","Wed May 13 19:25:55 UTC 2026","","","",""
"Test cases for TestTracker_HasEdge_PropertyChangeDetectedAsDeletion","0","TestTracker_HasEdge_PropertyChangeDetectedAsDeletion","","Wed May 13 19:21:12 UTC 2026","passed","Wed May 13 19:21:12 UTC 2026","","Go Test","github.com/specterops/bloodhound/packages/go/analysis/post/TestTracker_HasEdge_PropertyChangeDetectedAsDeletion","TestTracker_HasEdge_PropertyChangeDetectedAsDeletion"
"","5","does not render when selector is default","Delete Selector Button rendering","Wed May 13 19:26:15 UTC 2026","passed","Wed May 13 19:26:15 UTC 2026","","","",""
"","167","renders details for a selected rule and is of type ""Cypher""","DynamicDetails","Wed May 13 19:23:46 UTC 2026","passed","Wed May 13 19:23:47 UTC 2026","","","",""
"Test cases for TestResources_ListUsersMinimal","9","TestResources_ListUsersMinimal","","Wed May 13 19:21:31 UTC 2026","passed","Wed May 13 19:21:31 UTC 2026","","Go Test","github.com/specterops/bloodhound/cmd/api/src/api/v2/auth/TestResources_ListUsersMinimal","TestResources_ListUsersMinimal"
"Test cases for TestActivateMFA_Success","659","TestActivateMFA_Success","","Wed May 13 19:21:31 UTC 2026","passed","Wed May 13 19:21:31 UTC 2026","","Go Test","github.com/specterops/bloodhound/cmd/api/src/api/v2/auth/TestActivateMFA_Success","TestActivateMFA_Success"
"Test cases for TestParseOptionalBoolEmptyValue","0","TestParseOptionalBoolEmptyValue","","Wed May 13 19:20:45 UTC 2026","passed","Wed May 13 19:20:45 UTC 2026","","Go Test","github.com/specterops/bloodhound/cmd/api/src/api/TestParseOptionalBoolEmptyValue","TestParseOptionalBoolEmptyValue"
"Test cases for TestResources_ListAssetGroupMembers","2","TestResources_ListAssetGroupMembers","","Wed May 13 19:20:56 UTC 2026","passed","Wed May 13 19:20:56 UTC 2026","","Go Test","github.com/specterops/bloodhound/cmd/api/src/api/v2/TestResources_ListAssetGroupMembers","TestResources_ListAssetGroupMembers"
"","0","should return true when value partially matches term","compareTerm","Wed May 13 19:25:34 UTC 2026","passed","Wed May 13 19:25:34 UTC 2026","","","",""
"","150","renders a confirm dialg","ConfirmDeleteQueryDialog","Wed May 13 19:26:27 UTC 2026","passed","Wed May 13 19:26:28 UTC 2026","","","",""
"","1404","handles posting a mutation","DatabaseManagement","Wed May 13 19:27:07 UTC 2026","passed","Wed May 13 19:27:08 UTC 2026","","","",""
"Test cases for TestManagementResource_SSOLoginHandler","9","TestManagementResource_SSOLoginHandler","","Wed May 13 19:21:31 UTC 2026","passed","Wed May 13 19:21:31 UTC 2026","","Go Test","github.com/specterops/bloodhound/cmd/api/src/api/v2/auth/TestManagementResource_SSOLoginHandler","TestManagementResource_SSOLoginHandler"
"","0","escapes multiple single quotes","escapeCypherString","Wed May 13 19:26:28 UTC 2026","passed","Wed May 13 19:26:28 UTC 2026","","","",""
"","173","upon selecting just a source node, updates the URL with a searchType of 'node' and primarySearch of the node's objectid","usePathfindingSearch","Wed May 13 19:24:09 UTC 2026","passed","Wed May 13 19:24:09 UTC 2026","","","",""
"Test cases for TestEncodingValues","0","TestEncodingValues","","Wed May 13 19:21:12 UTC 2026","passed","Wed May 13 19:21:12 UTC 2026","","Go Test","github.com/specterops/bloodhound/packages/go/bomenc/TestEncodingValues","TestEncodingValues"
"Test cases for TestMarshalFloat","0","TestMarshalFloat","","Wed May 13 19:20:59 UTC 2026","passed","Wed May 13 19:20:59 UTC 2026","","Go Test","github.com/specterops/bloodhound/cmd/api/src/database/types/null/TestMarshalFloat","TestMarshalFloat"
"","0","returns undefined if paramValue is not an expected value","useExploreParams","Wed May 13 19:26:39 UTC 2026","passed","Wed May 13 19:26:39 UTC 2026","","parseSearchType","",""
"","19","when there is no ID in the URL and no tags available, no ID is returned (it is undefined)","usePZQueryParams","Wed May 13 19:24:46 UTC 2026","passed","Wed May 13 19:24:46 UTC 2026","","","",""
"","179","renders with the Export and Delete buttons disabled","QuerySearchFilter","Wed May 13 19:24:44 UTC 2026","passed","Wed May 13 19:24:44 UTC 2026","","","",""
"","407","handles a selection as expected","DropdownSelector","Wed May 13 19:25:19 UTC 2026","passed","Wed May 13 19:25:19 UTC 2026","","","",""
"","0","Empty input is provided","Parsing the debounced input for type and keyword values","Wed May 13 19:24:59 UTC 2026","passed","Wed May 13 19:24:59 UTC 2026","","","",""
"","0","returns true if arrays have same content in different order","areArraysSimilar","Wed May 13 19:26:14 UTC 2026","passed","Wed May 13 19:26:14 UTC 2026","","","",""
"","252","calls onChange with initial default columns when ""Reset Default"" is clicked","ManageColumnsComboBox","Wed May 13 19:23:20 UTC 2026","passed","Wed May 13 19:23:20 UTC 2026","","","",""
"","377","should display correctly","ConfirmationDialog","Wed May 13 19:26:23 UTC 2026","passed","Wed May 13 19:26:23 UTC 2026","","","",""
"","455","renders correctly with requiresCurrentPassword false","PasswordDialog","Wed May 13 19:22:18 UTC 2026","passed","Wed May 13 19:22:18 UTC 2026","","","",""
"Test cases for TestSignRequestAtInternalError","0","TestSignRequestAtInternalError","","Wed May 13 19:20:45 UTC 2026","passed","Wed May 13 19:20:45 UTC 2026","","Go Test","github.com/specterops/bloodhound/cmd/api/src/api/TestSignRequestAtInternalError","TestSignRequestAtInternalError"
"Test cases for TestInt64ValueOrZero","0","TestInt64ValueOrZero","","Wed May 13 19:20:59 UTC 2026","passed","Wed May 13 19:20:59 UTC 2026","","Go Test","github.com/specterops/bloodhound/cmd/api/src/database/types/null/TestInt64ValueOrZero","TestInt64ValueOrZero"
"Test cases for TestActivateMFA_Failure","655","TestActivateMFA_Failure","","Wed May 13 19:21:30 UTC 2026","passed","Wed May 13 19:21:31 UTC 2026","","Go Test","github.com/specterops/bloodhound/cmd/api/src/api/v2/auth/TestActivateMFA_Failure","TestActivateMFA_Failure"
"","32","renders an error fallback when flag is not found","FeatureFlag","Wed May 13 19:25:32 UTC 2026","passed","Wed May 13 19:25:32 UTC 2026","","","",""
"","809","should render with a full list of multiple tenants and domains","Simple Environment Selector","Wed May 13 19:23:40 UTC 2026","passed","Wed May 13 19:23:41 UTC 2026","","","",""
"","120","returns a nodes array","useEdgeInfoItems","Wed May 13 19:24:49 UTC 2026","passed","Wed May 13 19:24:49 UTC 2026","","","",""
"","188","should display error message when error prop is provided","UpdateUserDialog","Wed May 13 19:22:41 UTC 2026","passed","Wed May 13 19:22:41 UTC 2026","","","",""
"","11","returns all collected environment ids associated to a given aggregation","getEnvironmentAggregationIds","Wed May 13 19:22:00 UTC 2026","passed","Wed May 13 19:22:00 UTC 2026","","","",""
"","52","should display a badge when role based filtering is true and show filter banner is true","EntityInfoPanel","Wed May 13 19:25:37 UTC 2026","passed","Wed May 13 19:25:37 UTC 2026","","","",""
"","155","renders Label as first tab and is also the initially selected on first render in Labels View/Tab","Selected Details Tabs","Wed May 13 19:23:55 UTC 2026","passed","Wed May 13 19:23:55 UTC 2026","","Selected Details Tabs - Params present","",""
"","415","sets exploreSearchTab param to pathfinding when the user clicks the `pathfinding` tab","ExploreSearch sets searchType on tab changing","Wed May 13 19:27:05 UTC 2026","passed","Wed May 13 19:27:05 UTC 2026","","","",""
"Test cases for TestParseSkipQueryParameter","0","TestParseSkipQueryParameter","","Wed May 13 19:20:56 UTC 2026","passed","Wed May 13 19:20:56 UTC 2026","","Go Test","github.com/specterops/bloodhound/cmd/api/src/api/v2/TestParseSkipQueryParameter","TestParseSkipQueryParameter"
"Test cases for TestReconcile","3","TestReconcile","","Wed May 13 19:20:59 UTC 2026","passed","Wed May 13 19:20:59 UTC 2026","","Go Test","github.com/specterops/bloodhound/cmd/api/src/database/TestReconcile","TestReconcile"
"Test cases for TestDeduplicateKinds","0","TestDeduplicateKinds","","Wed May 13 19:21:03 UTC 2026","passed","Wed May 13 19:21:03 UTC 2026","","Go Test","github.com/specterops/bloodhound/cmd/api/src/services/graphify/TestDeduplicateKinds","TestDeduplicateKinds"
"","2562","should open edge filtering dialog","EdgeFilter","Wed May 13 19:24:14 UTC 2026","passed","Wed May 13 19:24:16 UTC 2026","","","",""
"","429","should accept passwords with standard special characters","CreateUserForm","Wed May 13 19:22:18 UTC 2026","passed","Wed May 13 19:22:18 UTC 2026","","","",""
"","346","Should call handler when a member is clicked","AssetGroupMemberList","Wed May 13 19:25:51 UTC 2026","passed","Wed May 13 19:25:51 UTC 2026","","","",""
"Test cases for TestUnmarshalTimeText","0","TestUnmarshalTimeText","","Wed May 13 19:20:59 UTC 2026","passed","Wed May 13 19:20:59 UTC 2026","","Go Test","github.com/specterops/bloodhound/cmd/api/src/database/types/null/TestUnmarshalTimeText","TestUnmarshalTimeText"
"","0","An unknown error occurred when fetching the data","Getting the text for the disabled item display for a search when there are no results","Wed May 13 19:24:59 UTC 2026","passed","Wed May 13 19:24:59 UTC 2026","","Error states","",""
"","4892","Typing in the search bar filters the results","ExploreTable","Wed May 13 19:21:46 UTC 2026","passed","Wed May 13 19:21:51 UTC 2026","","","",""
"","141","calls onSort when clicked","ColumnHeaders","Wed May 13 19:24:27 UTC 2026","passed","Wed May 13 19:24:27 UTC 2026","","SortableHeader","",""
"","0","fails for password without special characters","testPassword","Wed May 13 19:26:34 UTC 2026","passed","Wed May 13 19:26:34 UTC 2026","","","",""
"","149","calls exportToJson util when valid non a empty object is passed as the jsonData prop","GraphControls","Wed May 13 19:22:57 UTC 2026","passed","Wed May 13 19:22:57 UTC 2026","","Exporting json","",""
"","192","should display a toggle switch to enable multi-factor authentication","UserProfile","Wed May 13 19:23:43 UTC 2026","passed","Wed May 13 19:23:43 UTC 2026","","","",""
"Test cases for TestGormLogAdapter_Info","0","TestGormLogAdapter_Info","","Wed May 13 19:20:59 UTC 2026","passed","Wed May 13 19:20:59 UTC 2026","","Go Test","github.com/specterops/bloodhound/cmd/api/src/database/TestGormLogAdapter_Info","TestGormLogAdapter_Info"
"Test cases for TestResources_ListADComputerDCOMUsers","0","TestResources_ListADComputerDCOMUsers","","Wed May 13 19:20:56 UTC 2026","passed","Wed May 13 19:20:56 UTC 2026","","Go Test","github.com/specterops/bloodhound/cmd/api/src/api/v2/TestResources_ListADComputerDCOMUsers","TestResources_ListADComputerDCOMUsers"
"","0","returns a function that does not update searchParams if a key is not found in the updatedParams","searchParams","Wed May 13 19:25:05 UTC 2026","passed","Wed May 13 19:25:05 UTC 2026","","setSingleParamFactory","",""
"Test cases for TestResources_UpdateSavedQuery_InvalidID","0","TestResources_UpdateSavedQuery_InvalidID","","Wed May 13 19:20:56 UTC 2026","passed","Wed May 13 19:20:56 UTC 2026","","Go Test","github.com/specterops/bloodhound/cmd/api/src/api/v2/TestResources_UpdateSavedQuery_InvalidID","TestResources_UpdateSavedQuery_InvalidID"
"","231","dispatches an action to the delete the associated node","Rule Object Select","Wed May 13 19:25:15 UTC 2026","passed","Wed May 13 19:25:15 UTC 2026","","","",""
"","8","fully replaces state","useObjectState","Wed May 13 19:25:51 UTC 2026","passed","Wed May 13 19:25:51 UTC 2026","","","",""
"","306","should render","Rule Object Select","Wed May 13 19:25:15 UTC 2026","passed","Wed May 13 19:25:15 UTC 2026","","","",""
"","160","disables checkboxes while loading","GraphDataCheckboxes","Wed May 13 19:22:47 UTC 2026","passed","Wed May 13 19:22:47 UTC 2026","","","",""
"","285","renders","ObjectsAccordion","Wed May 13 19:24:39 UTC 2026","passed","Wed May 13 19:24:39 UTC 2026","","","",""
"Test cases for TestDomainSelectors_TestIsSortable","0","TestDomainSelectors_TestIsSortable","","Wed May 13 19:20:59 UTC 2026","passed","Wed May 13 19:20:59 UTC 2026","","Go Test","github.com/specterops/bloodhound/cmd/api/src/model/TestDomainSelectors_TestIsSortable","TestDomainSelectors_TestIsSortable"
"","19","renders Owned text by default when no Label Selector is available and on a Label page","TagSelector","Wed May 13 19:24:50 UTC 2026","passed","Wed May 13 19:24:50 UTC 2026","","","",""
"Test cases for TestResources_GetAssetGroup","0","TestResources_GetAssetGroup","","Wed May 13 19:20:56 UTC 2026","passed","Wed May 13 19:20:56 UTC 2026","","Go Test","github.com/specterops/bloodhound/cmd/api/src/api/v2/TestResources_GetAssetGroup","TestResources_GetAssetGroup"
"Test cases for TestResources_ListAuditLogs_DBError","0","TestResources_ListAuditLogs_DBError","","Wed May 13 19:20:56 UTC 2026","passed","Wed May 13 19:20:56 UTC 2026","","Go Test","github.com/specterops/bloodhound/cmd/api/src/api/v2/TestResources_ListAuditLogs_DBError","TestResources_ListAuditLogs_DBError"
"","447","Download button opens a menu and selecting ""Visible Columns"" calls json2csv with selected columns only","ExploreTable","Wed May 13 19:21:45 UTC 2026","passed","Wed May 13 19:21:46 UTC 2026","","","",""
"Test cases for TestQueries_GetRequestedType","0","TestQueries_GetRequestedType","","Wed May 13 19:21:02 UTC 2026","passed","Wed May 13 19:21:02 UTC 2026","","Go Test","github.com/specterops/bloodhound/cmd/api/src/queries/TestQueries_GetRequestedType","TestQueries_GetRequestedType"
"","125","enables returning a list of tags","the useAssetGroupTags utilities","Wed May 13 19:23:14 UTC 2026","passed","Wed May 13 19:23:14 UTC 2026","","","",""
"","13","shows hint by default","ManagedDatePicker - placeholders","Wed May 13 19:24:24 UTC 2026","passed","Wed May 13 19:24:24 UTC 2026","","","",""
"","2839","checking a single edge type updates its parent and grandparent","Pathfinding","Wed May 13 19:22:34 UTC 2026","passed","Wed May 13 19:22:37 UTC 2026","","","",""
"","1","returns Object ID message when ruleType is SeedTypeObjectId and seeds are required","getErrorMessage","Wed May 13 19:23:01 UTC 2026","passed","Wed May 13 19:23:01 UTC 2026","","","",""
"Test cases for TestResources_UpdateCustomNodeKindsTest","88","TestResources_UpdateCustomNodeKindsTest","","Wed May 13 19:20:56 UTC 2026","passed","Wed May 13 19:20:56 UTC 2026","","Go Test","github.com/specterops/bloodhound/cmd/api/src/api/v2/TestResources_UpdateCustomNodeKindsTest","TestResources_UpdateCustomNodeKindsTest"
"","15","does not include OpenGraph edges when the associated feature flag is disabled","useEdgeCategories","Wed May 13 19:23:35 UTC 2026","passed","Wed May 13 19:23:35 UTC 2026","","","",""
"Test cases for TestManagementResource_ListAuthTokens_DBError","0","TestManagementResource_ListAuthTokens_DBError","","Wed May 13 19:21:23 UTC 2026","passed","Wed May 13 19:21:23 UTC 2026","","Go Test","github.com/specterops/bloodhound/cmd/api/src/api/v2/auth/TestManagementResource_ListAuthTokens_DBError","TestManagementResource_ListAuthTokens_DBError"
"","1657","should clear out the sso provider id from submission data when the authentication method is changed","UpdateUserDialog","Wed May 13 19:22:41 UTC 2026","passed","Wed May 13 19:22:43 UTC 2026","","","",""
"","246","sets secondarySearch=id and searchType=node when primarySearch is falsey","ContextMenu","Wed May 13 19:23:12 UTC 2026","passed","Wed May 13 19:23:12 UTC 2026","","","",""
"Test cases for TestQueries_BuildEntityQueryParams_MissingObjectID","0","TestQueries_BuildEntityQueryParams_MissingObjectID","","Wed May 13 19:21:02 UTC 2026","passed","Wed May 13 19:21:02 UTC 2026","","Go Test","github.com/specterops/bloodhound/cmd/api/src/queries/TestQueries_BuildEntityQueryParams_MissingObjectID","TestQueries_BuildEntityQueryParams_MissingObjectID"
"Test cases for TestTracker_HasEdge_NilVsEmptyProperties","0","TestTracker_HasEdge_NilVsEmptyProperties","","Wed May 13 19:21:12 UTC 2026","passed","Wed May 13 19:21:12 UTC 2026","","Go Test","github.com/specterops/bloodhound/packages/go/analysis/post/TestTracker_HasEdge_NilVsEmptyProperties","TestTracker_HasEdge_NilVsEmptyProperties"
"","1","filters by moderate risk level","filterAndSearchEnvironments","Wed May 13 19:22:00 UTC 2026","passed","Wed May 13 19:22:00 UTC 2026","","risk filters","",""
"","1","handles null or empty madeBy","createHistoryParams","Wed May 13 19:25:41 UTC 2026","passed","Wed May 13 19:25:41 UTC 2026","","","",""
"","99","should display the ETAC role-based filtering badge when filtering is enabled","Zone Management","Wed May 13 19:25:26 UTC 2026","passed","Wed May 13 19:25:26 UTC 2026","","","",""
"Test cases for Test_SetNodeProperties","0","Test_SetNodeProperties","","Wed May 13 19:20:56 UTC 2026","passed","Wed May 13 19:20:56 UTC 2026","","Go Test","github.com/specterops/bloodhound/cmd/api/src/api/v2/Test_SetNodeProperties","Test_SetNodeProperties"
"","201","The API key management option should appear in profile page if the user is configured for SAML login","UserProfile with SSO User","Wed May 13 19:23:41 UTC 2026","passed","Wed May 13 19:23:42 UTC 2026","","","",""
"","7","dismisses a notification","AppNotifications","Wed May 13 19:25:19 UTC 2026","passed","Wed May 13 19:25:19 UTC 2026","","","",""
"","1","should compute coordinates along a quadratic bezier curve for a given t value","bezier","Wed May 13 19:27:26 UTC 2026","passed","Wed May 13 19:27:26 UTC 2026","","","",""
"TestManifest_AddMigration tests that migrations are added to the correct locationwithin the migration map and in the correct order.","2","TestManifest_AddMigration","","Wed May 13 19:20:59 UTC 2026","passed","Wed May 13 19:20:59 UTC 2026","","Go Test","github.com/specterops/bloodhound/cmd/api/src/database/migration/TestManifest_AddMigration","TestManifest_AddMigration"
"","0","filters by low risk level","filterAndSearchEnvironments","Wed May 13 19:22:00 UTC 2026","passed","Wed May 13 19:22:00 UTC 2026","","risk filters","",""
"","2","removes the key when undefined is passed to the setter","useLocalStorage","Wed May 13 19:23:48 UTC 2026","passed","Wed May 13 19:23:48 UTC 2026","","setValue","",""
"","8","should render a Field when the provided value is -0","Field","Wed May 13 19:26:04 UTC 2026","passed","Wed May 13 19:26:04 UTC 2026","","","",""
"","85","should display the logged in user's full name","UserProfile","Wed May 13 19:23:42 UTC 2026","passed","Wed May 13 19:23:42 UTC 2026","","","",""
"","125","renders an input box","SearchBar","Wed May 13 19:26:23 UTC 2026","passed","Wed May 13 19:26:23 UTC 2026","","","",""
"Test cases for TestManagementResource_ListPermissions_InvalidFilterPredicate","0","TestManagementResource_ListPermissions_InvalidFilterPredicate","","Wed May 13 19:21:02 UTC 2026","passed","Wed May 13 19:21:02 UTC 2026","","Go Test","github.com/specterops/bloodhound/cmd/api/src/api/v2/auth/TestManagementResource_ListPermissions_InvalidFilterPredicate","TestManagementResource_ListPermissions_InvalidFilterPredicate"
"","249","displays expected results when searching by label","SearchCurrentNodes","Wed May 13 19:24:42 UTC 2026","passed","Wed May 13 19:24:42 UTC 2026","","","",""
"","1120","should call onSubmit with password when reset password button clicked","PasswordResetForm","Wed May 13 19:24:12 UTC 2026","passed","Wed May 13 19:24:13 UTC 2026","","","",""
"","196","shows the empty form message when Object Rule Form is empty","Seed Selection Results","Wed May 13 19:23:12 UTC 2026","passed","Wed May 13 19:23:13 UTC 2026","","","",""
"","0","returns disabled config when any required param is falsey","useExploreGraph","Wed May 13 19:22:53 UTC 2026","passed","Wed May 13 19:22:53 UTC 2026","relationship search queries","exploreGraphQueryFactory","",""
"","531","Download button opens a menu and selecting ""All Columns"" calls json2csv with all columns","ExploreTable","Wed May 13 19:21:45 UTC 2026","passed","Wed May 13 19:21:45 UTC 2026","","","",""
"Test cases for TestResources_ShareSavedQueriesPermissions_NonAdmin","10","TestResources_ShareSavedQueriesPermissions_NonAdmin","","Wed May 13 19:20:56 UTC 2026","passed","Wed May 13 19:20:56 UTC 2026","","Go Test","github.com/specterops/bloodhound/cmd/api/src/api/v2/TestResources_ShareSavedQueriesPermissions_NonAdmin","TestResources_ShareSavedQueriesPermissions_NonAdmin"
"Test cases for TestResources_UpdateAssetGroupSelectors_SuccessOwned","0","TestResources_UpdateAssetGroupSelectors_SuccessOwned","","Wed May 13 19:20:56 UTC 2026","passed","Wed May 13 19:20:56 UTC 2026","","Go Test","github.com/specterops/bloodhound/cmd/api/src/api/v2/TestResources_UpdateAssetGroupSelectors_SuccessOwned","TestResources_UpdateAssetGroupSelectors_SuccessOwned"
"","391","should accept passwords with emojis","CreateUserForm","Wed May 13 19:22:19 UTC 2026","passed","Wed May 13 19:22:19 UTC 2026","","","",""
"Test cases for TestExpireUserAuthSecret_Failure","0","TestExpireUserAuthSecret_Failure","","Wed May 13 19:21:02 UTC 2026","passed","Wed May 13 19:21:02 UTC 2026","","Go Test","github.com/specterops/bloodhound/cmd/api/src/api/v2/auth/TestExpireUserAuthSecret_Failure","TestExpireUserAuthSecret_Failure"
"","63","displays a warning when there is a problem fetching the list of collectors","DownloadCollectors","Wed May 13 19:27:12 UTC 2026","passed","Wed May 13 19:27:13 UTC 2026","","","",""
"","724","should eventually render previously configured SSO providers","SSOConfiguration","Wed May 13 19:23:23 UTC 2026","passed","Wed May 13 19:23:24 UTC 2026","","","",""
"","35","the queries in the list only include nodes and edges that are defined in our schema","common search list","Wed May 13 19:26:11 UTC 2026","passed","Wed May 13 19:26:11 UTC 2026","","","",""
"","2616","should close the edge filtering dialog when user clicks cancel button","EdgeFilter","Wed May 13 19:24:16 UTC 2026","passed","Wed May 13 19:24:19 UTC 2026","","","",""
"Test cases for TestTimeIsZero","0","TestTimeIsZero","","Wed May 13 19:20:59 UTC 2026","passed","Wed May 13 19:20:59 UTC 2026","","Go Test","github.com/specterops/bloodhound/cmd/api/src/database/types/null/TestTimeIsZero","TestTimeIsZero"
"Test cases for TestRoleAssignments_NodesWithRolesExclusive","0","TestRoleAssignments_NodesWithRolesExclusive","","Wed May 13 19:21:12 UTC 2026","passed","Wed May 13 19:21:12 UTC 2026","","Go Test","github.com/specterops/bloodhound/packages/go/analysis/azure/TestRoleAssignments_NodesWithRolesExclusive","TestRoleAssignments_NodesWithRolesExclusive"
"","239","validates that the name input is under the max length","Tag Form","Wed May 13 19:21:47 UTC 2026","passed","Wed May 13 19:21:47 UTC 2026","","","",""
"Test cases for TestNodeNamePrefix_AppendSuffix","0","TestNodeNamePrefix_AppendSuffix","","Wed May 13 19:21:12 UTC 2026","passed","Wed May 13 19:21:12 UTC 2026","","Go Test","github.com/specterops/bloodhound/packages/go/analysis/ad/wellknown/TestNodeNamePrefix_AppendSuffix","TestNodeNamePrefix_AppendSuffix"
"Test cases for TestGetLatestQueryParameter_LatestMalformed","0","TestGetLatestQueryParameter_LatestMalformed","","Wed May 13 19:20:56 UTC 2026","passed","Wed May 13 19:20:56 UTC 2026","","Go Test","github.com/specterops/bloodhound/cmd/api/src/api/v2/TestGetLatestQueryParameter_LatestMalformed","TestGetLatestQueryParameter_LatestMalformed"
"Test cases for TestResources_ListADEntityControllables","0","TestResources_ListADEntityControllables","","Wed May 13 19:20:56 UTC 2026","passed","Wed May 13 19:20:56 UTC 2026","","Go Test","github.com/specterops/bloodhound/cmd/api/src/api/v2/TestResources_ListADEntityControllables","TestResources_ListADEntityControllables"
"Test cases for Test_FixtureSetup","0","Test_FixtureSetup","","Wed May 13 19:21:14 UTC 2026","passed","Wed May 13 19:21:14 UTC 2026","","Go Test","github.com/specterops/bloodhound/packages/go/lab/Test_FixtureSetup","Test_FixtureSetup"
"Test cases for TestBoolFrom","0","TestBoolFrom","","Wed May 13 19:20:59 UTC 2026","passed","Wed May 13 19:20:59 UTC 2026","","Go Test","github.com/specterops/bloodhound/cmd/api/src/database/types/null/TestBoolFrom","TestBoolFrom"
"","417","displays a validation error","ManagedDatePicker - date validation","Wed May 13 19:24:23 UTC 2026","passed","Wed May 13 19:24:23 UTC 2026","","","",""
"Test cases for TestConvertAzureResourceGroupContributorToRels","0","TestConvertAzureResourceGroupContributorToRels","","Wed May 13 19:21:13 UTC 2026","passed","Wed May 13 19:21:13 UTC 2026","","Go Test","github.com/specterops/bloodhound/packages/go/ein/TestConvertAzureResourceGroupContributorToRels","TestConvertAzureResourceGroupContributorToRels"
"Test cases for TestResources_ListAssetGroupMembersCount","0","TestResources_ListAssetGroupMembersCount","","Wed May 13 19:20:56 UTC 2026","passed","Wed May 13 19:20:56 UTC 2026","","Go Test","github.com/specterops/bloodhound/cmd/api/src/api/v2/TestResources_ListAssetGroupMembersCount","TestResources_ListAssetGroupMembersCount"
"Test cases for TestGraphQuery_PrepareCypherQuery","68","TestGraphQuery_PrepareCypherQuery","","Wed May 13 19:21:01 UTC 2026","passed","Wed May 13 19:21:02 UTC 2026","","Go Test","github.com/specterops/bloodhound/cmd/api/src/queries/TestGraphQuery_PrepareCypherQuery","TestGraphQuery_PrepareCypherQuery"
"Test cases for TestManagementResource_GetUser","12823","TestManagementResource_GetUser","","Wed May 13 19:21:18 UTC 2026","passed","Wed May 13 19:21:31 UTC 2026","","Go Test","github.com/specterops/bloodhound/cmd/api/src/api/v2/auth/TestManagementResource_GetUser","TestManagementResource_GetUser"
"","373","filters by the selected date range","FileIngestFilterDialog","Wed May 13 19:23:06 UTC 2026","passed","Wed May 13 19:23:06 UTC 2026","","Date Range Inputs","",""
"Test cases for TestUpdateAssetGroupRequest_AuditData","0","TestUpdateAssetGroupRequest_AuditData","","Wed May 13 19:20:56 UTC 2026","passed","Wed May 13 19:20:56 UTC 2026","","Go Test","github.com/specterops/bloodhound/cmd/api/src/api/v2/TestUpdateAssetGroupRequest_AuditData","TestUpdateAssetGroupRequest_AuditData"
"Test cases for TestGetADDataQualityStats_Success","0","TestGetADDataQualityStats_Success","","Wed May 13 19:20:56 UTC 2026","passed","Wed May 13 19:20:56 UTC 2026","","Go Test","github.com/specterops/bloodhound/cmd/api/src/api/v2/TestGetADDataQualityStats_Success","TestGetADDataQualityStats_Success"
"","1","handles environment with impactValue at exact threshold boundaries","filterAndSearchEnvironments","Wed May 13 19:22:00 UTC 2026","passed","Wed May 13 19:22:00 UTC 2026","","edge cases","",""
"Test cases for TestCache_FillFifo","0","TestCache_FillFifo","","Wed May 13 19:21:12 UTC 2026","passed","Wed May 13 19:21:12 UTC 2026","","Go Test","github.com/specterops/bloodhound/packages/go/cache/TestCache_FillFifo","TestCache_FillFifo"
"","1087","when user performs a single node search, the selected node carries over to the `start node` input field on the pathfinding tab","ExploreSearch interaction","Wed May 13 19:27:06 UTC 2026","passed","Wed May 13 19:27:07 UTC 2026","","","",""
"Test cases for TestAddOrderByToNeo4jQuery_WithOrderByClause","0","TestAddOrderByToNeo4jQuery_WithOrderByClause","","Wed May 13 19:20:56 UTC 2026","passed","Wed May 13 19:20:56 UTC 2026","","Go Test","github.com/specterops/bloodhound/cmd/api/src/api/v2/TestAddOrderByToNeo4jQuery_WithOrderByClause","TestAddOrderByToNeo4jQuery_WithOrderByClause"
"Test cases for Test_NewSpecWithHooks","0","Test_NewSpecWithHooks","","Wed May 13 19:21:14 UTC 2026","passed","Wed May 13 19:21:14 UTC 2026","","Go Test","github.com/specterops/bloodhound/packages/go/lab/Test_NewSpecWithHooks","Test_NewSpecWithHooks"
"","32","calculates the running time of a job and converts to a human readable format","getSimpleDuration","Wed May 13 19:25:52 UTC 2026","passed","Wed May 13 19:25:52 UTC 2026","","","",""
"","65","disables delete button for built-in extensions","ActiveExtensionsCard","Wed May 13 19:22:07 UTC 2026","passed","Wed May 13 19:22:07 UTC 2026","","","",""
"","84","sets autoDisplayTable to false if enabled param is false","useExploreTableAutoDisplay","Wed May 13 19:25:35 UTC 2026","passed","Wed May 13 19:25:35 UTC 2026","","","",""
"","1","If for some reason the node size is not defined return 1 as a default","getNodeRadius","Wed May 13 19:27:34 UTC 2026","passed","Wed May 13 19:27:34 UTC 2026","","","",""
"","0","Input does not contain a type","Parsing the debounced input for type and keyword values","Wed May 13 19:24:59 UTC 2026","passed","Wed May 13 19:24:59 UTC 2026","","","",""
"","114","renders with a selected icon","Glyph Select Dialog","Wed May 13 19:26:11 UTC 2026","passed","Wed May 13 19:26:11 UTC 2026","","","",""
"Test cases for TestInt64Pointer","0","TestInt64Pointer","","Wed May 13 19:20:59 UTC 2026","passed","Wed May 13 19:20:59 UTC 2026","","Go Test","github.com/specterops/bloodhound/cmd/api/src/database/types/null/TestInt64Pointer","TestInt64Pointer"
"Test cases for TestIntFromPtr","0","TestIntFromPtr","","Wed May 13 19:20:59 UTC 2026","passed","Wed May 13 19:20:59 UTC 2026","","Go Test","github.com/specterops/bloodhound/cmd/api/src/database/types/null/TestIntFromPtr","TestIntFromPtr"
"","571","opens nested sections and updates URL params correctly","EntityInfoDataTable","Wed May 13 19:23:04 UTC 2026","passed","Wed May 13 19:23:05 UTC 2026","","Node count for nested table that counts all sections","",""
"","1","handles environment with impactValue of 0","filterAndSearchEnvironments","Wed May 13 19:22:00 UTC 2026","passed","Wed May 13 19:22:00 UTC 2026","","edge cases","",""
"Test cases for TestDatabaseWipe","4","TestDatabaseWipe","","Wed May 13 19:20:56 UTC 2026","passed","Wed May 13 19:20:56 UTC 2026","","Go Test","github.com/specterops/bloodhound/cmd/api/src/api/v2/TestDatabaseWipe","TestDatabaseWipe"
"Test cases for TestResources_ListADGPOAffectedTierZero","1","TestResources_ListADGPOAffectedTierZero","","Wed May 13 19:20:56 UTC 2026","passed","Wed May 13 19:20:56 UTC 2026","","Go Test","github.com/specterops/bloodhound/cmd/api/src/api/v2/TestResources_ListADGPOAffectedTierZero","TestResources_ListADGPOAffectedTierZero"
"","161","should render action list item that handles a function","MainNav","Wed May 13 19:23:46 UTC 2026","passed","Wed May 13 19:23:47 UTC 2026","","","",""
"","581","should render inputs, labels, and action buttons","UpsertSAMLProviderForm","Wed May 13 19:25:23 UTC 2026","passed","Wed May 13 19:25:24 UTC 2026","","","",""
"","1724","Clicking header allows user to sort by column","ExploreTable","Wed May 13 19:21:42 UTC 2026","passed","Wed May 13 19:21:44 UTC 2026","","","",""
"","1","floors DateTime objects to the nearest minute","floorToNearestMinute","Wed May 13 19:25:52 UTC 2026","passed","Wed May 13 19:25:52 UTC 2026","","","",""
"","37","displays no data message when there are no extensions","ActiveExtensionsCard","Wed May 13 19:22:05 UTC 2026","passed","Wed May 13 19:22:05 UTC 2026","","","",""
"","3374","The password reset dialog is opened when switching a user from SAML based authentication to username/password based authentication","Users","Wed May 13 19:23:52 UTC 2026","passed","Wed May 13 19:23:55 UTC 2026","","","",""
"","58","if a hint is given, it show date placeholder on focus, restores hint on blur","ManagedDatePicker - placeholders","Wed May 13 19:24:24 UTC 2026","passed","Wed May 13 19:24:24 UTC 2026","","","",""
"","268","should display filter dropwdowns","CommonSearches","Wed May 13 19:23:20 UTC 2026","passed","Wed May 13 19:23:20 UTC 2026","","","",""
"Test cases for TestFloatEqual","0","TestFloatEqual","","Wed May 13 19:20:59 UTC 2026","passed","Wed May 13 19:20:59 UTC 2026","","Go Test","github.com/specterops/bloodhound/cmd/api/src/database/types/null/TestFloatEqual","TestFloatEqual"
"Test cases for TestRoleMembers","2","TestRoleMembers","","Wed May 13 19:21:12 UTC 2026","passed","Wed May 13 19:21:12 UTC 2026","","Go Test","github.com/specterops/bloodhound/packages/go/analysis/azure/TestRoleMembers","TestRoleMembers"
"Test cases for TestResources_GetShortestPath","9","TestResources_GetShortestPath","","Wed May 13 19:20:56 UTC 2026","passed","Wed May 13 19:20:56 UTC 2026","","Go Test","github.com/specterops/bloodhound/cmd/api/src/api/v2/TestResources_GetShortestPath","TestResources_GetShortestPath"
"","190","only sends dirty fields in the request when updating","Tag Form","Wed May 13 19:21:48 UTC 2026","passed","Wed May 13 19:21:49 UTC 2026","","","",""
"","0","should handle an entity that has no name property","Evaluating the entity display name from a given entity","Wed May 13 19:23:24 UTC 2026","passed","Wed May 13 19:23:24 UTC 2026","","","",""
"","83","collapses an open item when its header is clicked again","<DetailsAccordion />","Wed May 13 19:23:17 UTC 2026","passed","Wed May 13 19:23:18 UTC 2026","","","",""
"Test cases for TestResources_GetDomainEntityInfo","0","TestResources_GetDomainEntityInfo","","Wed May 13 19:20:56 UTC 2026","passed","Wed May 13 19:20:56 UTC 2026","","Go Test","github.com/specterops/bloodhound/cmd/api/src/api/v2/TestResources_GetDomainEntityInfo","TestResources_GetDomainEntityInfo"
"","126","displays Force Password Reset checkbox when showNeedsPasswordReset is true","PasswordDialog","Wed May 13 19:22:18 UTC 2026","passed","Wed May 13 19:22:19 UTC 2026","","","",""
"Test cases for Test_CheckAccessToEnvironments","71","Test_CheckAccessToEnvironments","","Wed May 13 19:20:56 UTC 2026","passed","Wed May 13 19:20:56 UTC 2026","","Go Test","github.com/specterops/bloodhound/cmd/api/src/api/v2/Test_CheckAccessToEnvironments","Test_CheckAccessToEnvironments"
"","31","should highlight main nav route when navigating to child route","Main Nav Route Highlighting","Wed May 13 19:23:47 UTC 2026","passed","Wed May 13 19:23:47 UTC 2026","","","",""
"Test cases for TestGenerateQRCodeBase64","16","TestGenerateQRCodeBase64","","Wed May 13 19:20:57 UTC 2026","passed","Wed May 13 19:20:57 UTC 2026","","Go Test","github.com/specterops/bloodhound/cmd/api/src/auth/TestGenerateQRCodeBase64","TestGenerateQRCodeBase64"
"Test cases for TestMap","0","TestMap","","Wed May 13 19:21:14 UTC 2026","passed","Wed May 13 19:21:14 UTC 2026","","Go Test","github.com/specterops/bloodhound/packages/go/lab/internal/TestMap","TestMap"
"Test cases for TestParseSkipQueryParameter_Invalid","0","TestParseSkipQueryParameter_Invalid","","Wed May 13 19:20:56 UTC 2026","passed","Wed May 13 19:20:56 UTC 2026","","Go Test","github.com/specterops/bloodhound/cmd/api/src/api/v2/TestParseSkipQueryParameter_Invalid","TestParseSkipQueryParameter_Invalid"
"Test cases for TestInt64Equal","0","TestInt64Equal","","Wed May 13 19:20:59 UTC 2026","passed","Wed May 13 19:20:59 UTC 2026","","Go Test","github.com/specterops/bloodhound/cmd/api/src/database/types/null/TestInt64Equal","TestInt64Equal"
"","7","does not render when selector data is not defined","Delete Selector Button rendering","Wed May 13 19:26:15 UTC 2026","passed","Wed May 13 19:26:15 UTC 2026","","","",""
"","95","shows View in Explore if exploreUrl is supplied","Seed Selection Results","Wed May 13 19:23:13 UTC 2026","passed","Wed May 13 19:23:13 UTC 2026","","","",""
"","0","returns false if value is 'array'","searchParams","Wed May 13 19:25:05 UTC 2026","passed","Wed May 13 19:25:05 UTC 2026","","isEmptyParam","",""
"","4122","should clear state when logout action is dispatched","redux store","Wed May 13 19:27:33 UTC 2026","passed","Wed May 13 19:27:37 UTC 2026","","","",""
"","168","renders","EarlyAccessFeatureToggle","Wed May 13 19:27:35 UTC 2026","passed","Wed May 13 19:27:35 UTC 2026","","","",""
"Test cases for TestResources_GetAssetGroupTags","2","TestResources_GetAssetGroupTags","","Wed May 13 19:20:56 UTC 2026","passed","Wed May 13 19:20:56 UTC 2026","","Go Test","github.com/specterops/bloodhound/cmd/api/src/api/v2/TestResources_GetAssetGroupTags","TestResources_GetAssetGroupTags"
"TestOpenGraphSchemaService_UpsertGraphSchemaExtension -","3","TestOpenGraphSchemaService_UpsertGraphSchemaExtension","","Wed May 13 19:21:04 UTC 2026","passed","Wed May 13 19:21:04 UTC 2026","","Go Test","github.com/specterops/bloodhound/cmd/api/src/services/opengraphschema/TestOpenGraphSchemaService_UpsertGraphSchemaExtension","TestOpenGraphSchemaService_UpsertGraphSchemaExtension"
"","96","Calls the `Base` endpoint for a LocalUser type node","EntityObjectInformation","Wed May 13 19:24:22 UTC 2026","passed","Wed May 13 19:24:23 UTC 2026","","","",""
"","0","prefixes each edge_kind with a colon for relationshipTypes","graphSchema","Wed May 13 19:26:06 UTC 2026","passed","Wed May 13 19:26:06 UTC 2026","","","",""
"Test cases for Test_AuthMiddleware","3","Test_AuthMiddleware","","Wed May 13 19:20:49 UTC 2026","passed","Wed May 13 19:20:49 UTC 2026","","Go Test","github.com/specterops/bloodhound/cmd/api/src/api/middleware/Test_AuthMiddleware","Test_AuthMiddleware"
"Test cases for TestResources_ListSourceKinds","62","TestResources_ListSourceKinds","","Wed May 13 19:20:56 UTC 2026","passed","Wed May 13 19:20:56 UTC 2026","","Go Test","github.com/specterops/bloodhound/cmd/api/src/api/v2/TestResources_ListSourceKinds","TestResources_ListSourceKinds"
"","241","sets a primarySearch=id and searchType=pathfinding when secondarySearch is truthy","ContextMenu","Wed May 13 19:27:17 UTC 2026","passed","Wed May 13 19:27:17 UTC 2026","","","",""
"Test cases for TestURLJoinPathNoPrefix","0","TestURLJoinPathNoPrefix","","Wed May 13 19:20:45 UTC 2026","passed","Wed May 13 19:20:45 UTC 2026","","Go Test","github.com/specterops/bloodhound/cmd/api/src/api/TestURLJoinPathNoPrefix","TestURLJoinPathNoPrefix"
"","715","executes a primary search when only a source node is provided","Pathfinding: interaction","Wed May 13 19:23:58 UTC 2026","passed","Wed May 13 19:23:58 UTC 2026","","","",""
"","8","calls the provided notification method","handleError","Wed May 13 19:23:01 UTC 2026","passed","Wed May 13 19:23:01 UTC 2026","","","",""
"","270","does fires TagToLabelDialog when the Label option is clicked","TagToZoneLabel","Wed May 13 19:21:56 UTC 2026","passed","Wed May 13 19:21:56 UTC 2026","","","",""
"Test cases for TestManagementResource_SAMLCallbackRedirect","6","TestManagementResource_SAMLCallbackRedirect","","Wed May 13 19:21:31 UTC 2026","passed","Wed May 13 19:21:31 UTC 2026","","Go Test","github.com/specterops/bloodhound/cmd/api/src/api/v2/auth/TestManagementResource_SAMLCallbackRedirect","TestManagementResource_SAMLCallbackRedirect"
"","130","displays the label for each result","SearchCurrentNodes","Wed May 13 19:24:42 UTC 2026","passed","Wed May 13 19:24:42 UTC 2026","","","",""
"","9","should be aligned to right of screen","GenericErrorBoundaryFallback","Wed May 13 19:26:40 UTC 2026","passed","Wed May 13 19:26:40 UTC 2026","","","",""
"Test cases for Test_NewSpec","1","Test_NewSpec","","Wed May 13 19:21:14 UTC 2026","passed","Wed May 13 19:21:14 UTC 2026","","Go Test","github.com/specterops/bloodhound/packages/go/lab/Test_NewSpec","Test_NewSpec"
"","625","should display Environmental Targeted Access Control panel when showEnvironmentAccessControls prop is true and read-only role is selected","UpdateUserForm","Wed May 13 19:21:55 UTC 2026","passed","Wed May 13 19:21:56 UTC 2026","","","",""
"","0","returns false for arrays with different object references","areArraysSimilar","Wed May 13 19:26:14 UTC 2026","passed","Wed May 13 19:26:14 UTC 2026","","","",""
"","405","runs the query and calls dispatch to set the node results","PrivilegeZonesCypherEditor Search component for Zone Management","Wed May 13 19:25:31 UTC 2026","passed","Wed May 13 19:25:32 UTC 2026","","","",""
"Test cases for TestManagementResource_ListUsers","0","TestManagementResource_ListUsers","","Wed May 13 19:21:02 UTC 2026","passed","Wed May 13 19:21:02 UTC 2026","","Go Test","github.com/specterops/bloodhound/cmd/api/src/api/v2/auth/TestManagementResource_ListUsers","TestManagementResource_ListUsers"
"","613","renders the form for creating a new zone","Tag Form","Wed May 13 19:21:46 UTC 2026","passed","Wed May 13 19:21:46 UTC 2026","","","",""
"Test cases for TestAssetGroupMembers_Filter_Equals","0","TestAssetGroupMembers_Filter_Equals","","Wed May 13 19:20:45 UTC 2026","passed","Wed May 13 19:20:45 UTC 2026","","Go Test","github.com/specterops/bloodhound/cmd/api/src/api/TestAssetGroupMembers_Filter_Equals","TestAssetGroupMembers_Filter_Equals"
"","208","sums nested section node counts","EntityInfoDataTableGraphed","Wed May 13 19:23:39 UTC 2026","passed","Wed May 13 19:23:39 UTC 2026","","Node count for nested table that counts all sections","",""
"","0","reports an Object ID-specific error when editing a rule and ruleType is SeedTypeObjectId and seeds are required","handleError","Wed May 13 19:23:01 UTC 2026","passed","Wed May 13 19:23:01 UTC 2026","","","",""
"Test cases for TestResources_ListADComputerSessions","0","TestResources_ListADComputerSessions","","Wed May 13 19:20:56 UTC 2026","passed","Wed May 13 19:20:56 UTC 2026","","Go Test","github.com/specterops/bloodhound/cmd/api/src/api/v2/TestResources_ListADComputerSessions","TestResources_ListADComputerSessions"
"","316","should display CreateUserTokenDialog","UserTokenManagementDialog","Wed May 13 19:23:09 UTC 2026","passed","Wed May 13 19:23:10 UTC 2026","","when user clicks ""Create Token"" button","",""
"","2","updates state when an external storage event is fired for the same key","useLocalStorage","Wed May 13 19:23:48 UTC 2026","passed","Wed May 13 19:23:48 UTC 2026","","storage event synchronisation","",""
"Test cases for TestPermissionsCheckAtLeastOne","0","TestPermissionsCheckAtLeastOne","","Wed May 13 19:20:49 UTC 2026","passed","Wed May 13 19:20:49 UTC 2026","","Go Test","github.com/specterops/bloodhound/cmd/api/src/api/middleware/TestPermissionsCheckAtLeastOne","TestPermissionsCheckAtLeastOne"
"","14","returns active-directory environmentInfo when environmentAggregation param is active-directory","useAvailableEnvironments","Wed May 13 19:24:07 UTC 2026","passed","Wed May 13 19:24:07 UTC 2026","","useSelectedEnvironment","",""
"","62","displays a status indicator","StatusIndicator","Wed May 13 19:26:27 UTC 2026","passed","Wed May 13 19:26:27 UTC 2026","","","",""
"Test cases for TestResources_DeleteSavedQuery_NotPublicQueryAndUserIsAdmin","0","TestResources_DeleteSavedQuery_NotPublicQueryAndUserIsAdmin","","Wed May 13 19:20:56 UTC 2026","passed","Wed May 13 19:20:56 UTC 2026","","Go Test","github.com/specterops/bloodhound/cmd/api/src/api/v2/TestResources_DeleteSavedQuery_NotPublicQueryAndUserIsAdmin","TestResources_DeleteSavedQuery_NotPublicQueryAndUserIsAdmin"
"Test cases for TestManagementResource_EnableUserSAML","5","TestManagementResource_EnableUserSAML","","Wed May 13 19:21:02 UTC 2026","passed","Wed May 13 19:21:02 UTC 2026","","Go Test","github.com/specterops/bloodhound/cmd/api/src/api/v2/auth/TestManagementResource_EnableUserSAML","TestManagementResource_EnableUserSAML"
"","214","opens confirmation dialog when delete button is clicked","ActiveExtensionsCard","Wed May 13 19:22:06 UTC 2026","passed","Wed May 13 19:22:07 UTC 2026","","","",""
"Test cases for TestNewDefaultConfig","0","TestNewDefaultConfig","","Wed May 13 19:20:57 UTC 2026","passed","Wed May 13 19:20:57 UTC 2026","","Go Test","github.com/specterops/bloodhound/cmd/api/src/config/TestNewDefaultConfig","TestNewDefaultConfig"
"Test cases for TestEncodingInterface","1","TestEncodingInterface","","Wed May 13 19:21:12 UTC 2026","passed","Wed May 13 19:21:12 UTC 2026","","Go Test","github.com/specterops/bloodhound/packages/go/bomenc/TestEncodingInterface","TestEncodingInterface"
"Test cases for TestValidateRequestSignature","262","TestValidateRequestSignature","","Wed May 13 19:20:45 UTC 2026","passed","Wed May 13 19:20:45 UTC 2026","","Go Test","github.com/specterops/bloodhound/cmd/api/src/api/TestValidateRequestSignature","TestValidateRequestSignature"
"Test cases for TestResources_GetAssetGroupTagMemberCountsByKind","0","TestResources_GetAssetGroupTagMemberCountsByKind","","Wed May 13 19:20:56 UTC 2026","passed","Wed May 13 19:20:56 UTC 2026","","Go Test","github.com/specterops/bloodhound/cmd/api/src/api/v2/TestResources_GetAssetGroupTagMemberCountsByKind","TestResources_GetAssetGroupTagMemberCountsByKind"
"","124","does not show ""<10 Days to Expire"" warning when token expires in more than 10 days","UserTokenManagementDialog - API Expiration Date column","Wed May 13 19:23:11 UTC 2026","passed","Wed May 13 19:23:11 UTC 2026","","","",""
"","346","clears the applied filter","FileIngestFilterDialog","Wed May 13 19:23:08 UTC 2026","passed","Wed May 13 19:23:08 UTC 2026","","User Select","",""
"","18","when password is expired and not on password reset page, redirects to password reset page","AuthenticatedRoute","Wed May 13 19:27:32 UTC 2026","passed","Wed May 13 19:27:32 UTC 2026","","","",""
"","0","fails for password shorter than 12 characters","testPassword","Wed May 13 19:26:34 UTC 2026","passed","Wed May 13 19:26:34 UTC 2026","","","",""
"","0","returns a comma separated number when provided with a number > 999","numberFormatting","Wed May 13 19:24:29 UTC 2026","passed","Wed May 13 19:24:29 UTC 2026","","","",""
"","829","should not call onSubmit when password does not match confirmation password when reset password button clicked","PasswordResetForm","Wed May 13 19:24:13 UTC 2026","passed","Wed May 13 19:24:14 UTC 2026","","","",""
"Test cases for TestResources_StartIngestJob","71","TestResources_StartIngestJob","","Wed May 13 19:20:56 UTC 2026","passed","Wed May 13 19:20:56 UTC 2026","","Go Test","github.com/specterops/bloodhound/cmd/api/src/api/v2/TestResources_StartIngestJob","TestResources_StartIngestJob"
"","347","renders the Rule Tab content when Rule tab is chosen","Selected Details Tab Content","Wed May 13 19:25:47 UTC 2026","passed","Wed May 13 19:25:47 UTC 2026","","","",""
"","337","should render","LoginViaSSOForm","Wed May 13 19:25:02 UTC 2026","passed","Wed May 13 19:25:02 UTC 2026","","","",""
"Test cases for TestIntIsZero","0","TestIntIsZero","","Wed May 13 19:20:59 UTC 2026","passed","Wed May 13 19:20:59 UTC 2026","","Go Test","github.com/specterops/bloodhound/cmd/api/src/database/types/null/TestIntIsZero","TestIntIsZero"
"","3577","closes explore search tab menu and clears selected item when a cypher query returns multiple nodes","CypherSearch","Wed May 13 19:22:33 UTC 2026","passed","Wed May 13 19:22:37 UTC 2026","","Minimize explorer page elements when multiple nodes are returned","",""
"","47","Error handling for fetching edge information","EdgeObjectInformation","Wed May 13 19:24:44 UTC 2026","passed","Wed May 13 19:24:44 UTC 2026","","","",""
"Test cases for TestResources_ListAssetGroupCollections","1","TestResources_ListAssetGroupCollections","","Wed May 13 19:20:56 UTC 2026","passed","Wed May 13 19:20:56 UTC 2026","","Go Test","github.com/specterops/bloodhound/cmd/api/src/api/v2/TestResources_ListAssetGroupCollections","TestResources_ListAssetGroupCollections"
"","4","succeeds for valid password","testPassword","Wed May 13 19:26:34 UTC 2026","passed","Wed May 13 19:26:34 UTC 2026","","","",""
"","425","should render","PasswordResetForm","Wed May 13 19:24:12 UTC 2026","passed","Wed May 13 19:24:12 UTC 2026","","","",""
"","4679","does not close explore search tab menu or entity info panel when search returns one node","CypherSearch","Wed May 13 19:22:41 UTC 2026","passed","Wed May 13 19:22:46 UTC 2026","","Minimize explorer page elements when multiple nodes are returned","",""
"","281","opens the dropdown when the Columns button is clicked","ManageColumnsComboBox","Wed May 13 19:23:18 UTC 2026","passed","Wed May 13 19:23:18 UTC 2026","","","",""
"","317","renders a snackbar notification in the dom and tests autoHideDuration","AppNotifications","Wed May 13 19:25:19 UTC 2026","passed","Wed May 13 19:25:19 UTC 2026","","","",""
"Test cases for TestGetPageParamsForGraphQuery","0","TestGetPageParamsForGraphQuery","","Wed May 13 19:21:08 UTC 2026","passed","Wed May 13 19:21:08 UTC 2026","","Go Test","github.com/specterops/bloodhound/cmd/api/src/utils/TestGetPageParamsForGraphQuery","TestGetPageParamsForGraphQuery"
"","1592","handles delete by nested graph data selection","DatabaseManagement","Wed May 13 19:27:10 UTC 2026","passed","Wed May 13 19:27:12 UTC 2026","","","",""
"","16","dedupes edges before adding them to the graph","Explore utils","Wed May 13 19:27:18 UTC 2026","passed","Wed May 13 19:27:18 UTC 2026","","initGraph","",""
"Test cases for TestResources_ListADUserSQLAdminRights","0","TestResources_ListADUserSQLAdminRights","","Wed May 13 19:20:56 UTC 2026","passed","Wed May 13 19:20:56 UTC 2026","","Go Test","github.com/specterops/bloodhound/cmd/api/src/api/v2/TestResources_ListADUserSQLAdminRights","TestResources_ListADUserSQLAdminRights"
"","1","reports an API error when there is only statusText","handleError","Wed May 13 19:23:01 UTC 2026","passed","Wed May 13 19:23:01 UTC 2026","","","",""
"","158","displays an error message","GraphView","Wed May 13 19:27:19 UTC 2026","passed","Wed May 13 19:27:19 UTC 2026","","","",""
"Test cases for TestSupportsETACMiddleware","0","TestSupportsETACMiddleware","","Wed May 13 19:20:49 UTC 2026","passed","Wed May 13 19:20:49 UTC 2026","","Go Test","github.com/specterops/bloodhound/cmd/api/src/api/middleware/TestSupportsETACMiddleware","TestSupportsETACMiddleware"
"","417","should not allow leading or trailing empty spaces","UpdateUserForm","Wed May 13 19:21:55 UTC 2026","passed","Wed May 13 19:21:55 UTC 2026","","","",""
"Test cases for TestURLJoinPathEscapesSlashes","0","TestURLJoinPathEscapesSlashes","","Wed May 13 19:20:45 UTC 2026","passed","Wed May 13 19:20:45 UTC 2026","","Go Test","github.com/specterops/bloodhound/cmd/api/src/api/TestURLJoinPathEscapesSlashes","TestURLJoinPathEscapesSlashes"
"Test cases for Test_setRawValue","0","Test_setRawValue","","Wed May 13 19:20:57 UTC 2026","passed","Wed May 13 19:20:57 UTC 2026","","Go Test","github.com/specterops/bloodhound/cmd/api/src/config/Test_setRawValue","Test_setRawValue"
"","0","returns empty array when search does not match any environment","filterAndSearchEnvironments","Wed May 13 19:22:00 UTC 2026","passed","Wed May 13 19:22:00 UTC 2026","","search filter","",""
"Test cases for Test_UseHooks","0","Test_UseHooks","","Wed May 13 19:21:14 UTC 2026","passed","Wed May 13 19:21:14 UTC 2026","","Go Test","github.com/specterops/bloodhound/packages/go/lab/Test_UseHooks","Test_UseHooks"
"Test cases for Test_NewRequestSignature","0","Test_NewRequestSignature","","Wed May 13 19:20:45 UTC 2026","passed","Wed May 13 19:20:45 UTC 2026","","Go Test","github.com/specterops/bloodhound/cmd/api/src/api/Test_NewRequestSignature","Test_NewRequestSignature"
"Test cases for TestResources_GetSearchResult","0","TestResources_GetSearchResult","","Wed May 13 19:20:56 UTC 2026","passed","Wed May 13 19:20:56 UTC 2026","","Go Test","github.com/specterops/bloodhound/cmd/api/src/api/v2/TestResources_GetSearchResult","TestResources_GetSearchResult"
"Test cases for TestUnmarshalNonIntegerNumberToInt64","0","TestUnmarshalNonIntegerNumberToInt64","","Wed May 13 19:20:59 UTC 2026","passed","Wed May 13 19:20:59 UTC 2026","","Go Test","github.com/specterops/bloodhound/cmd/api/src/database/types/null/TestUnmarshalNonIntegerNumberToInt64","TestUnmarshalNonIntegerNumberToInt64"
"","382","renders the popup content with run, edit/share, and delete when the menu trigger","ListItemActionMenu","Wed May 13 19:25:05 UTC 2026","passed","Wed May 13 19:25:05 UTC 2026","","","",""
"","444","renders a list of asset group members","GroupManagement","Wed May 13 19:27:26 UTC 2026","passed","Wed May 13 19:27:26 UTC 2026","","","",""
"","0","Origin label and sizing are used when specified","copySigmaNodesToGraphlibGraph","Wed May 13 19:27:30 UTC 2026","passed","Wed May 13 19:27:30 UTC 2026","","","",""
"","91","buttons are disabled while loading","PasswordResetForm","Wed May 13 19:24:16 UTC 2026","passed","Wed May 13 19:24:16 UTC 2026","","","",""
"","170","renders an interactive version when preview is set to false","PrivilegeZonesCypherEditor Search component for Zone Management","Wed May 13 19:25:31 UTC 2026","passed","Wed May 13 19:25:31 UTC 2026","","","",""
"Test cases for TestResources_ToggleFlag","0","TestResources_ToggleFlag","","Wed May 13 19:20:56 UTC 2026","passed","Wed May 13 19:20:56 UTC 2026","","Go Test","github.com/specterops/bloodhound/cmd/api/src/api/v2/TestResources_ToggleFlag","TestResources_ToggleFlag"
"","82","updates value when an invalid date typed","ManagedDatePicker - value","Wed May 13 19:24:24 UTC 2026","passed","Wed May 13 19:24:24 UTC 2026","","","",""
"","0","handles both node_kinds and edge_kinds together","graphSchema","Wed May 13 19:26:06 UTC 2026","passed","Wed May 13 19:26:06 UTC 2026","","","",""
"Test cases for TestCreateUser_ResetPassword","1494","TestCreateUser_ResetPassword","","Wed May 13 19:21:09 UTC 2026","passed","Wed May 13 19:21:10 UTC 2026","","Go Test","github.com/specterops/bloodhound/cmd/api/src/api/v2/auth/TestCreateUser_ResetPassword","TestCreateUser_ResetPassword"
"","337","renders a graph if the query has any node edges","GraphView","Wed May 13 19:27:22 UTC 2026","passed","Wed May 13 19:27:22 UTC 2026","","","",""
"","63","displays the value from filterParams.node_type","AssetGroupEdit","Wed May 13 19:23:29 UTC 2026","passed","Wed May 13 19:23:29 UTC 2026","","Node Type dropdown filter","",""
"","59","should hide Environmental Targeted Access Control panel when showEnvironmentAccessControls prop is false","UpdateUserForm","Wed May 13 19:21:58 UTC 2026","passed","Wed May 13 19:21:58 UTC 2026","","","",""
"Test cases for TestResources_DeleteSavedQueryPermissions","1","TestResources_DeleteSavedQueryPermissions","","Wed May 13 19:20:56 UTC 2026","passed","Wed May 13 19:20:56 UTC 2026","","Go Test","github.com/specterops/bloodhound/cmd/api/src/api/v2/TestResources_DeleteSavedQueryPermissions","TestResources_DeleteSavedQueryPermissions"
"Test cases for TestDomainSelectors_GetFilterCriteria_Success_Empty","0","TestDomainSelectors_GetFilterCriteria_Success_Empty","","Wed May 13 19:20:59 UTC 2026","passed","Wed May 13 19:20:59 UTC 2026","","Go Test","github.com/specterops/bloodhound/cmd/api/src/model/TestDomainSelectors_GetFilterCriteria_Success_Empty","TestDomainSelectors_GetFilterCriteria_Success_Empty"
"","59","excludes API edges that are associated with one of our built-in schema types","useEdgeCategories","Wed May 13 19:23:35 UTC 2026","passed","Wed May 13 19:23:35 UTC 2026","","","",""
"Test cases for TestManagementResource_PutUserAuthSecret","6127","TestManagementResource_PutUserAuthSecret","","Wed May 13 19:20:56 UTC 2026","passed","Wed May 13 19:21:02 UTC 2026","","Go Test","github.com/specterops/bloodhound/cmd/api/src/api/v2/auth/TestManagementResource_PutUserAuthSecret","TestManagementResource_PutUserAuthSecret"
"Test cases for TestMaybeSubmitNodeUpdate","0","TestMaybeSubmitNodeUpdate","","Wed May 13 19:21:03 UTC 2026","passed","Wed May 13 19:21:03 UTC 2026","","Go Test","github.com/specterops/bloodhound/cmd/api/src/services/graphify/TestMaybeSubmitNodeUpdate","TestMaybeSubmitNodeUpdate"
"Test cases for TestRewriter_Enter_ADAttackPathsShortcut_ReplacesKinds","0","TestRewriter_Enter_ADAttackPathsShortcut_ReplacesKinds","","Wed May 13 19:21:02 UTC 2026","passed","Wed May 13 19:21:02 UTC 2026","","Go Test","github.com/specterops/bloodhound/cmd/api/src/queries/TestRewriter_Enter_ADAttackPathsShortcut_ReplacesKinds","TestRewriter_Enter_ADAttackPathsShortcut_ReplacesKinds"
"Test cases for TestLoginResource_Logout","8","TestLoginResource_Logout","","Wed May 13 19:21:31 UTC 2026","passed","Wed May 13 19:21:31 UTC 2026","","Go Test","github.com/specterops/bloodhound/cmd/api/src/api/v2/auth/TestLoginResource_Logout","TestLoginResource_Logout"
"Test cases for TestDatabase_NullUUID","2","TestDatabase_NullUUID","","Wed May 13 19:20:59 UTC 2026","passed","Wed May 13 19:20:59 UTC 2026","","Go Test","github.com/specterops/bloodhound/cmd/api/src/database/TestDatabase_NullUUID","TestDatabase_NullUUID"
"Test cases for TestBuildErrorResponseUnauthorized","0","TestBuildErrorResponseUnauthorized","","Wed May 13 19:20:45 UTC 2026","passed","Wed May 13 19:20:45 UTC 2026","","Go Test","github.com/specterops/bloodhound/cmd/api/src/api/TestBuildErrorResponseUnauthorized","TestBuildErrorResponseUnauthorized"
"Test cases for TestResources_GetDatabaseCompleteness","75","TestResources_GetDatabaseCompleteness","","Wed May 13 19:20:56 UTC 2026","passed","Wed May 13 19:20:56 UTC 2026","","Go Test","github.com/specterops/bloodhound/cmd/api/src/api/v2/TestResources_GetDatabaseCompleteness","TestResources_GetDatabaseCompleteness"
"","723","shows indeterminate states when some graph data is selected","GraphDataCheckboxes","Wed May 13 19:22:47 UTC 2026","passed","Wed May 13 19:22:47 UTC 2026","","","",""
"Test cases for TestUnmarshalBool","0","TestUnmarshalBool","","Wed May 13 19:20:59 UTC 2026","passed","Wed May 13 19:20:59 UTC 2026","","Go Test","github.com/specterops/bloodhound/cmd/api/src/database/types/null/TestUnmarshalBool","TestUnmarshalBool"
"","0","handles percent values by multiplying by 100, truncating to an integer, and adding a ""%"" to the end","Formatting number properties","Wed May 13 19:23:24 UTC 2026","passed","Wed May 13 19:23:24 UTC 2026","","","",""
"Test cases for TestResources_ListTrustedCAs","4","TestResources_ListTrustedCAs","","Wed May 13 19:20:56 UTC 2026","passed","Wed May 13 19:20:56 UTC 2026","","Go Test","github.com/specterops/bloodhound/cmd/api/src/api/v2/TestResources_ListTrustedCAs","TestResources_ListTrustedCAs"
"","100","returns Tag Object counts when there is a Tag selected but no Rule selected (ruleId is undefined from path params)","useObjectCounts","Wed May 13 19:26:08 UTC 2026","passed","Wed May 13 19:26:08 UTC 2026","","","",""
"Test cases for TestMergeNodeKinds","0","TestMergeNodeKinds","","Wed May 13 19:21:03 UTC 2026","passed","Wed May 13 19:21:03 UTC 2026","","Go Test","github.com/specterops/bloodhound/cmd/api/src/services/graphify/TestMergeNodeKinds","TestMergeNodeKinds"
"","0","The user has yet to type into the search","Getting the text for the disabled item display for a search when there are no results","Wed May 13 19:24:59 UTC 2026","passed","Wed May 13 19:24:59 UTC 2026","","Empty data states","",""
"","89","renders a filter button","FileIngestFilterDialog","Wed May 13 19:23:03 UTC 2026","passed","Wed May 13 19:23:03 UTC 2026","","","",""
"","710","displays validation error messages when password does not match confirmation","PasswordDialog","Wed May 13 19:22:20 UTC 2026","passed","Wed May 13 19:22:20 UTC 2026","","","",""
"Test cases for TestConvertContainerToNode_InheritanceHashes","0","TestConvertContainerToNode_InheritanceHashes","","Wed May 13 19:21:13 UTC 2026","passed","Wed May 13 19:21:13 UTC 2026","","Go Test","github.com/specterops/bloodhound/packages/go/ein/TestConvertContainerToNode_InheritanceHashes","TestConvertContainerToNode_InheritanceHashes"
"Test cases for TestFloatValueOrZero","0","TestFloatValueOrZero","","Wed May 13 19:20:59 UTC 2026","passed","Wed May 13 19:20:59 UTC 2026","","Go Test","github.com/specterops/bloodhound/cmd/api/src/database/types/null/TestFloatValueOrZero","TestFloatValueOrZero"
"","0","should return an object denoting that the property is not in the schema when it is unrecognized","validating a node property against the shared generated schema","Wed May 13 19:23:24 UTC 2026","passed","Wed May 13 19:23:24 UTC 2026","","","",""
"","142","should disable the create provider button and not display providers if the user lacks permission","SSOConfiguration","Wed May 13 19:23:26 UTC 2026","passed","Wed May 13 19:23:26 UTC 2026","","","",""
"Test cases for Test_GetAssetGroupMembersByTag","3","Test_GetAssetGroupMembersByTag","","Wed May 13 19:20:56 UTC 2026","passed","Wed May 13 19:20:56 UTC 2026","","Go Test","github.com/specterops/bloodhound/cmd/api/src/api/v2/Test_GetAssetGroupMembersByTag","Test_GetAssetGroupMembersByTag"
"Test cases for TestDisenrollMFA_Admin_SuccessNoPasswordSSO","672","TestDisenrollMFA_Admin_SuccessNoPasswordSSO","","Wed May 13 19:21:27 UTC 2026","passed","Wed May 13 19:21:28 UTC 2026","","Go Test","github.com/specterops/bloodhound/cmd/api/src/api/v2/auth/TestDisenrollMFA_Admin_SuccessNoPasswordSSO","TestDisenrollMFA_Admin_SuccessNoPasswordSSO"
"Test cases for TestManagementResource_ListAuthProviders","0","TestManagementResource_ListAuthProviders","","Wed May 13 19:21:31 UTC 2026","passed","Wed May 13 19:21:31 UTC 2026","","Go Test","github.com/specterops/bloodhound/cmd/api/src/api/v2/auth/TestManagementResource_ListAuthProviders","TestManagementResource_ListAuthProviders"
"","176","renders a graph view","GraphView","Wed May 13 19:27:19 UTC 2026","passed","Wed May 13 19:27:19 UTC 2026","","","",""
"Test cases for TestManagementResource_ListAuthTokens_Filtered","1","TestManagementResource_ListAuthTokens_Filtered","","Wed May 13 19:21:23 UTC 2026","passed","Wed May 13 19:21:23 UTC 2026","","Go Test","github.com/specterops/bloodhound/cmd/api/src/api/v2/auth/TestManagementResource_ListAuthTokens_Filtered","TestManagementResource_ListAuthTokens_Filtered"
"Test cases for TestRequestWaitDuration_Failure","0","TestRequestWaitDuration_Failure","","Wed May 13 19:20:49 UTC 2026","passed","Wed May 13 19:20:49 UTC 2026","","Go Test","github.com/specterops/bloodhound/cmd/api/src/api/middleware/TestRequestWaitDuration_Failure","TestRequestWaitDuration_Failure"
"","810","sets the selectedItem param and closes popper when a node is selected","GraphControls","Wed May 13 19:22:58 UTC 2026","passed","Wed May 13 19:22:59 UTC 2026","","Searching current results","",""
"","8","should render a Field when the provided value is 0","Field","Wed May 13 19:26:04 UTC 2026","passed","Wed May 13 19:26:04 UTC 2026","","","",""
"Test cases for Test_ApplyTimeoutReduction","4","Test_ApplyTimeoutReduction","","Wed May 13 19:21:01 UTC 2026","passed","Wed May 13 19:21:01 UTC 2026","","Go Test","github.com/specterops/bloodhound/cmd/api/src/queries/Test_ApplyTimeoutReduction","Test_ApplyTimeoutReduction"
"Test cases for TestMatches_FailureModel","0","TestMatches_FailureModel","","Wed May 13 19:20:59 UTC 2026","passed","Wed May 13 19:20:59 UTC 2026","","Go Test","github.com/specterops/bloodhound/cmd/api/src/model/TestMatches_FailureModel","TestMatches_FailureModel"
"","53","renders highlight for the active tag","SelectedHighlight","Wed May 13 19:25:42 UTC 2026","passed","Wed May 13 19:25:42 UTC 2026","","","",""
"","1","returns undefined for headers when db config timeout limit setting is enabled and state of is disable query limit is true","useExploreGraph","Wed May 13 19:22:53 UTC 2026","passed","Wed May 13 19:22:53 UTC 2026","userSettings","exploreGraphQueryFactory","",""
"","87","should render a button with the passed in display text","GraphButton","Wed May 13 19:26:37 UTC 2026","passed","Wed May 13 19:26:38 UTC 2026","","","",""
"","303","should disable Cancel and Save buttons while isLoading is true","CreateUserDialog","Wed May 13 19:22:31 UTC 2026","passed","Wed May 13 19:22:32 UTC 2026","","","",""
"","44","has no checked boxes by default","GraphDataCheckboxes","Wed May 13 19:22:47 UTC 2026","passed","Wed May 13 19:22:47 UTC 2026","","","",""
"Test cases for TestPermissionsCheckAll","0","TestPermissionsCheckAll","","Wed May 13 19:20:49 UTC 2026","passed","Wed May 13 19:20:49 UTC 2026","","Go Test","github.com/specterops/bloodhound/cmd/api/src/api/middleware/TestPermissionsCheckAll","TestPermissionsCheckAll"
"","563","clears input when dialog is closed and reopened","ActiveExtensionsCard","Wed May 13 19:22:08 UTC 2026","passed","Wed May 13 19:22:08 UTC 2026","","","",""
"","74","sets primarySearch, searchType, exploreSearchTab in URL params when the click handler is executed","useEdgeInfoItems","Wed May 13 19:24:49 UTC 2026","passed","Wed May 13 19:24:49 UTC 2026","","","",""
"","16","shows date placeholder if no hint is given","ManagedDatePicker - placeholders","Wed May 13 19:24:24 UTC 2026","passed","Wed May 13 19:24:24 UTC 2026","","","",""
"","8","should not render when data is present","NoDataDialog","Wed May 13 19:26:32 UTC 2026","passed","Wed May 13 19:26:32 UTC 2026","","","",""
"","141","requests finished jobs","useFinishedJobs","Wed May 13 19:24:03 UTC 2026","passed","Wed May 13 19:24:03 UTC 2026","","","",""
"","356","renders icons as expected","DropdownSelector","Wed May 13 19:25:18 UTC 2026","passed","Wed May 13 19:25:19 UTC 2026","","","",""
"Test cases for TestGetMFAActivationStatus_Failure","1","TestGetMFAActivationStatus_Failure","","Wed May 13 19:21:30 UTC 2026","passed","Wed May 13 19:21:30 UTC 2026","","Go Test","github.com/specterops/bloodhound/cmd/api/src/api/v2/auth/TestGetMFAActivationStatus_Failure","TestGetMFAActivationStatus_Failure"
"","42","renders a button","CreateMenu","Wed May 13 19:23:32 UTC 2026","passed","Wed May 13 19:23:32 UTC 2026","","oidc_support feature flag disabled","",""
"","43","tag members refetches on sort change","the useAssetGroupTags utilities","Wed May 13 19:23:14 UTC 2026","passed","Wed May 13 19:23:14 UTC 2026","","","",""
"","35","adds a notification - checks values","AppNotifications","Wed May 13 19:25:19 UTC 2026","passed","Wed May 13 19:25:19 UTC 2026","","","",""
"","5","returns when label limit is reached","useTagLimits","Wed May 13 19:22:23 UTC 2026","passed","Wed May 13 19:22:23 UTC 2026","","","",""
"","668","should display all available roles","UpdateUserDialog","Wed May 13 19:22:39 UTC 2026","passed","Wed May 13 19:22:40 UTC 2026","","","",""
"","433","triggers a file download when a download button is clicked","DownloadCollectors","Wed May 13 19:27:12 UTC 2026","passed","Wed May 13 19:27:12 UTC 2026","","","",""
"","0","returns undefined if graphData is %s or not a GraphResponse","getExploreTableData","Wed May 13 19:24:31 UTC 2026","passed","Wed May 13 19:24:31 UTC 2026","","","",""
"Test cases for TestResources_SearchHandler_ETAC","4","TestResources_SearchHandler_ETAC","","Wed May 13 19:20:56 UTC 2026","passed","Wed May 13 19:20:56 UTC 2026","","Go Test","github.com/specterops/bloodhound/cmd/api/src/api/v2/TestResources_SearchHandler_ETAC","TestResources_SearchHandler_ETAC"
"","0","The node radius is adjusted to take into account the current camera zoom ratio","getNodeRadius","Wed May 13 19:27:34 UTC 2026","passed","Wed May 13 19:27:34 UTC 2026","","","",""
"","128","disables the Columns button when the disabled prop is true","ManageColumnsComboBox","Wed May 13 19:23:18 UTC 2026","passed","Wed May 13 19:23:18 UTC 2026","","","",""
"Test cases for TestChangeCache","2","TestChangeCache","","Wed May 13 19:20:58 UTC 2026","passed","Wed May 13 19:20:58 UTC 2026","","Go Test","github.com/specterops/bloodhound/cmd/api/src/daemons/changelog/TestChangeCache","TestChangeCache"
"","58","List Display Roles Hook is Loading","useListDisplayRoles","Wed May 13 19:23:04 UTC 2026","passed","Wed May 13 19:23:04 UTC 2026","","","",""
"","6","does not return when zone limit is not reached","useTagLimits","Wed May 13 19:22:23 UTC 2026","passed","Wed May 13 19:22:23 UTC 2026","","","",""
"Test cases for TestArgon2Digest_String","0","TestArgon2Digest_String","","Wed May 13 19:21:13 UTC 2026","passed","Wed May 13 19:21:13 UTC 2026","","Go Test","github.com/specterops/bloodhound/packages/go/crypto/TestArgon2Digest_String","TestArgon2Digest_String"
"Test cases for TestResources_SearchHandler","1","TestResources_SearchHandler","","Wed May 13 19:20:56 UTC 2026","passed","Wed May 13 19:20:56 UTC 2026","","Go Test","github.com/specterops/bloodhound/cmd/api/src/api/v2/TestResources_SearchHandler","TestResources_SearchHandler"
"Test cases for TestParseDomainTrusts_TrustAttributes","0","TestParseDomainTrusts_TrustAttributes","","Wed May 13 19:21:13 UTC 2026","passed","Wed May 13 19:21:13 UTC 2026","","Go Test","github.com/specterops/bloodhound/packages/go/ein/TestParseDomainTrusts_TrustAttributes","TestParseDomainTrusts_TrustAttributes"
"Test cases for TestFeatureFlagManager","0","TestFeatureFlagManager","","Wed May 13 19:20:58 UTC 2026","passed","Wed May 13 19:20:58 UTC 2026","","Go Test","github.com/specterops/bloodhound/cmd/api/src/daemons/changelog/TestFeatureFlagManager","TestFeatureFlagManager"
"","87","when `selectedItem` is null, the combobox does not display an icon","icon rendering","Wed May 13 19:23:32 UTC 2026","passed","Wed May 13 19:23:32 UTC 2026","","","",""
"","814","Explore URL Accounts for irregular characters in cypher query","Rule Form","Wed May 13 19:22:09 UTC 2026","passed","Wed May 13 19:22:10 UTC 2026","","","",""
"","150","renders the card with title and search input","ActiveExtensionsCard","Wed May 13 19:22:05 UTC 2026","passed","Wed May 13 19:22:05 UTC 2026","","","",""
"Test cases for TestStringFrom","0","TestStringFrom","","Wed May 13 19:20:59 UTC 2026","passed","Wed May 13 19:20:59 UTC 2026","","Go Test","github.com/specterops/bloodhound/cmd/api/src/database/types/null/TestStringFrom","TestStringFrom"
"Test cases for TestManagementResource_ListRoles_PredicateMismatchWithColumn","0","TestManagementResource_ListRoles_PredicateMismatchWithColumn","","Wed May 13 19:21:02 UTC 2026","passed","Wed May 13 19:21:02 UTC 2026","","Go Test","github.com/specterops/bloodhound/cmd/api/src/api/v2/auth/TestManagementResource_ListRoles_PredicateMismatchWithColumn","TestManagementResource_ListRoles_PredicateMismatchWithColumn"
"","157","will request feature-flags when the user is fully authenticated","app","Wed May 13 19:27:32 UTC 2026","passed","Wed May 13 19:27:33 UTC 2026","","<Inner />","",""
"Test cases for TestManagementResource_CreateSAMLProviderMultipart","15","TestManagementResource_CreateSAMLProviderMultipart","","Wed May 13 19:21:31 UTC 2026","passed","Wed May 13 19:21:31 UTC 2026","","Go Test","github.com/specterops/bloodhound/cmd/api/src/api/v2/auth/TestManagementResource_CreateSAMLProviderMultipart","TestManagementResource_CreateSAMLProviderMultipart"
"","0","`undefined` input is provided","Parsing the debounced input for type and keyword values","Wed May 13 19:24:59 UTC 2026","passed","Wed May 13 19:24:59 UTC 2026","","","",""
"","176","has the correct value for the links in the breadcrumbs","Create Update pages","Wed May 13 19:25:32 UTC 2026","passed","Wed May 13 19:25:32 UTC 2026","","","",""
"Test cases for TestSavedQueries_ValidFilters","0","TestSavedQueries_ValidFilters","","Wed May 13 19:20:59 UTC 2026","passed","Wed May 13 19:20:59 UTC 2026","","Go Test","github.com/specterops/bloodhound/cmd/api/src/model/TestSavedQueries_ValidFilters","TestSavedQueries_ValidFilters"
"","765","should not have less characters than the minimum requirement","CreateUserForm","Wed May 13 19:22:14 UTC 2026","passed","Wed May 13 19:22:15 UTC 2026","","","",""
"","1","pwdlastset","Handling value formatting for Active Directory entity properties lastlogon, lastlogontimestamp, whencreated, and pwdlastset","Wed May 13 19:23:24 UTC 2026","passed","Wed May 13 19:23:24 UTC 2026","","","",""
"","216","handles removing from a non-tier-zero asset group","AssetGroupMenuItem","Wed May 13 19:27:04 UTC 2026","passed","Wed May 13 19:27:04 UTC 2026","","removing from an asset group","",""
"","378","renders with applied filters","Privilege Zones History Filter Dialog","Wed May 13 19:24:03 UTC 2026","passed","Wed May 13 19:24:03 UTC 2026","","","",""
"Test cases for TestResources_ListAuditLogs_SortingError","0","TestResources_ListAuditLogs_SortingError","","Wed May 13 19:20:56 UTC 2026","passed","Wed May 13 19:20:56 UTC 2026","","Go Test","github.com/specterops/bloodhound/cmd/api/src/api/v2/TestResources_ListAuditLogs_SortingError","TestResources_ListAuditLogs_SortingError"
"","14","renders note content when currentNote is present","HistoryNotes Component","Wed May 13 19:26:18 UTC 2026","passed","Wed May 13 19:26:18 UTC 2026","","","",""
"","730","should render an update user form","UpdateUserDialog","Wed May 13 19:22:37 UTC 2026","passed","Wed May 13 19:22:38 UTC 2026","","","",""
"Test cases for TestPredefinedNodeNamePrefixes","0","TestPredefinedNodeNamePrefixes","","Wed May 13 19:21:12 UTC 2026","passed","Wed May 13 19:21:12 UTC 2026","","Go Test","github.com/specterops/bloodhound/packages/go/analysis/ad/wellknown/TestPredefinedNodeNamePrefixes","TestPredefinedNodeNamePrefixes"
"","247","prevents a user from proceeding if the file is not valid","ImportQueryDialog","Wed May 13 19:26:28 UTC 2026","passed","Wed May 13 19:26:28 UTC 2026","","","",""
"","579","should fire Confirm once with true after typing challenge text","DeleteConfirmationDialog","Wed May 13 19:26:04 UTC 2026","passed","Wed May 13 19:26:04 UTC 2026","","","",""
"Test cases for TestResources_ListADDomainForeignGroups","0","TestResources_ListADDomainForeignGroups","","Wed May 13 19:20:56 UTC 2026","passed","Wed May 13 19:20:56 UTC 2026","","Go Test","github.com/specterops/bloodhound/cmd/api/src/api/v2/TestResources_ListADDomainForeignGroups","TestResources_ListADDomainForeignGroups"
"","12","function should return 1 when first param is larger, no matter the data type","Compare function for explore table sort","Wed May 13 19:24:31 UTC 2026","passed","Wed May 13 19:24:31 UTC 2026","","","",""
"","26","whencreated","Handling value formatting for Active Directory entity properties lastlogon, lastlogontimestamp, whencreated, and pwdlastset","Wed May 13 19:23:24 UTC 2026","passed","Wed May 13 19:23:24 UTC 2026","","","",""
"","119","updates value when a valid date typed","ManagedDatePicker - value","Wed May 13 19:24:24 UTC 2026","passed","Wed May 13 19:24:24 UTC 2026","","","",""
"","277","should disable Cancel and Save buttons while isLoading is true","UpdateUserDialog","Wed May 13 19:22:41 UTC 2026","passed","Wed May 13 19:22:41 UTC 2026","","","",""
"TestMigrator_GenerateManifest tests the full integrity of a Manifest generatedfrom 3 different Source's:1) Correct number of total migrations detected.2) Correct number of versions detected.3) The VersionTable has all versions, in order.4) All versions have the correct number of migrations.5) Schema files generate v0.0.0 migrations.6) Migrations are ordered within each version, in the order the Source was defined.","0","TestMigrator_GenerateManifest","","Wed May 13 19:20:59 UTC 2026","passed","Wed May 13 19:20:59 UTC 2026","","Go Test","github.com/specterops/bloodhound/cmd/api/src/database/migration/TestMigrator_GenerateManifest","TestMigrator_GenerateManifest"
"Test cases for TestIngestionCoordinator_FlushBuffer","1","TestIngestionCoordinator_FlushBuffer","","Wed May 13 19:20:58 UTC 2026","passed","Wed May 13 19:20:58 UTC 2026","","Go Test","github.com/specterops/bloodhound/cmd/api/src/daemons/changelog/TestIngestionCoordinator_FlushBuffer","TestIngestionCoordinator_FlushBuffer"
"","211","should not call onSubmit when input is invalid and Submit button is clicked","UpsertSAMLProviderForm","Wed May 13 19:25:24 UTC 2026","passed","Wed May 13 19:25:24 UTC 2026","","","",""
"","720","should render","CypherSearch","Wed May 13 19:22:29 UTC 2026","passed","Wed May 13 19:22:29 UTC 2026","","","",""
"Test cases for TestFormatDatabaseError","1","TestFormatDatabaseError","","Wed May 13 19:20:45 UTC 2026","passed","Wed May 13 19:20:45 UTC 2026","","Go Test","github.com/specterops/bloodhound/cmd/api/src/api/TestFormatDatabaseError","TestFormatDatabaseError"
"","0","returns all collected environments when aggegation type is all","getEnvironmentAggregationIds","Wed May 13 19:22:00 UTC 2026","passed","Wed May 13 19:22:00 UTC 2026","","","",""
"Test cases for TestConvertAzureSubscriptionContributorToRels","0","TestConvertAzureSubscriptionContributorToRels","","Wed May 13 19:21:13 UTC 2026","passed","Wed May 13 19:21:13 UTC 2026","","Go Test","github.com/specterops/bloodhound/packages/go/ein/TestConvertAzureSubscriptionContributorToRels","TestConvertAzureSubscriptionContributorToRels"
"Test cases for TestCacheEntryDigester_DigestEndpoint_MatchByName","0","TestCacheEntryDigester_DigestEndpoint_MatchByName","","Wed May 13 19:21:03 UTC 2026","passed","Wed May 13 19:21:03 UTC 2026","","Go Test","github.com/specterops/bloodhound/cmd/api/src/services/graphify/endpoint/TestCacheEntryDigester_DigestEndpoint_MatchByName","TestCacheEntryDigester_DigestEndpoint_MatchByName"
"","207","renders correctly with requiresCurrentPassword true","PasswordDialog","Wed May 13 19:22:18 UTC 2026","passed","Wed May 13 19:22:18 UTC 2026","","","",""
"","4383","calls onExploreMenuCollapse again when user reopens widget and runs another multi-node query","CypherSearch","Wed May 13 19:22:46 UTC 2026","passed","Wed May 13 19:22:51 UTC 2026","","Minimize explorer page elements when multiple nodes are returned","",""
"Test cases for TestFoldr","0","TestFoldr","","Wed May 13 19:21:15 UTC 2026","passed","Wed May 13 19:21:15 UTC 2026","","Go Test","github.com/specterops/bloodhound/packages/go/slicesext/TestFoldr","TestFoldr"
"","635","renders a primary button as expected","DropdownSelector","Wed May 13 19:25:18 UTC 2026","passed","Wed May 13 19:25:18 UTC 2026","","","",""
"","0","shows no collection methods","toCollected","Wed May 13 19:26:10 UTC 2026","passed","Wed May 13 19:26:10 UTC 2026","","","",""
"Test cases for TestResources_DeleteSavedQuery_IDMalformed","0","TestResources_DeleteSavedQuery_IDMalformed","","Wed May 13 19:20:56 UTC 2026","passed","Wed May 13 19:20:56 UTC 2026","","Go Test","github.com/specterops/bloodhound/cmd/api/src/api/v2/TestResources_DeleteSavedQuery_IDMalformed","TestResources_DeleteSavedQuery_IDMalformed"
"","260","toggles parent from none to all","GraphDataCheckboxes","Wed May 13 19:22:48 UTC 2026","passed","Wed May 13 19:22:48 UTC 2026","","","",""
"Test cases for TestFloatFrom","0","TestFloatFrom","","Wed May 13 19:20:59 UTC 2026","passed","Wed May 13 19:20:59 UTC 2026","","Go Test","github.com/specterops/bloodhound/cmd/api/src/database/types/null/TestFloatFrom","TestFloatFrom"
"","81","temporarily displays the checkmark icon after clicking copy","ExploreTableDataCell","Wed May 13 19:25:54 UTC 2026","passed","Wed May 13 19:25:54 UTC 2026","","","",""
"","335","renders the Object Tab content when Object tab is chosen","Selected Details Tab Content","Wed May 13 19:25:48 UTC 2026","passed","Wed May 13 19:25:48 UTC 2026","","","",""
"","102","Calls the `Base` endpoint for a LocalGroup type node","EntityObjectInformation","Wed May 13 19:24:22 UTC 2026","passed","Wed May 13 19:24:22 UTC 2026","","","",""
"","103","should have a disabled continue button","TagToZoneLabelDialog","Wed May 13 19:24:34 UTC 2026","passed","Wed May 13 19:24:34 UTC 2026","","","",""
"Test cases for TestDisenrollMFA_Success","666","TestDisenrollMFA_Success","","Wed May 13 19:21:25 UTC 2026","passed","Wed May 13 19:21:25 UTC 2026","","Go Test","github.com/specterops/bloodhound/cmd/api/src/api/v2/auth/TestDisenrollMFA_Success","TestDisenrollMFA_Success"
"Test cases for TestOverwriteQueryParamIfHeaderAndParamExist","1","TestOverwriteQueryParamIfHeaderAndParamExist","","Wed May 13 19:21:09 UTC 2026","passed","Wed May 13 19:21:09 UTC 2026","","Go Test","github.com/specterops/bloodhound/cmd/api/src/utils/test/TestOverwriteQueryParamIfHeaderAndParamExist","TestOverwriteQueryParamIfHeaderAndParamExist"
"","117","renders enabled Label, Rule and Object tabs","Selected Details Tabs","Wed May 13 19:23:56 UTC 2026","passed","Wed May 13 19:23:56 UTC 2026","","Selected Details Tabs - Params present","",""
"","11","renders without pulse animation by default","StatusIndicator","Wed May 13 19:26:27 UTC 2026","passed","Wed May 13 19:26:27 UTC 2026","","","",""
"","116","Disable Analyze Now and change to Analyzing if datapipe status is different from ""idle""","AnalyzeNowConfiguration","Wed May 13 19:23:48 UTC 2026","passed","Wed May 13 19:23:48 UTC 2026","","","",""
"","1","returns undefined for headers when db config timeout limit setting is disabled and state of is disable query limit is false","useExploreGraph","Wed May 13 19:22:53 UTC 2026","passed","Wed May 13 19:22:53 UTC 2026","userSettings","exploreGraphQueryFactory","",""
"Test cases for TestOrphanFileSweeper_Clear","1","TestOrphanFileSweeper_Clear","","Wed May 13 19:20:58 UTC 2026","passed","Wed May 13 19:20:58 UTC 2026","","Go Test","github.com/specterops/bloodhound/cmd/api/src/daemons/datapipe/TestOrphanFileSweeper_Clear","TestOrphanFileSweeper_Clear"
"","0","handles empty search string","filterAndSearchEnvironments","Wed May 13 19:22:00 UTC 2026","passed","Wed May 13 19:22:00 UTC 2026","","search filter","",""
"Test cases for TestResources_ListADDomainDCSyncers","1","TestResources_ListADDomainDCSyncers","","Wed May 13 19:20:56 UTC 2026","passed","Wed May 13 19:20:56 UTC 2026","","Go Test","github.com/specterops/bloodhound/cmd/api/src/api/v2/TestResources_ListADDomainDCSyncers","TestResources_ListADDomainDCSyncers"
"","149","renders the form for editing an existing label","Tag Form","Wed May 13 19:21:47 UTC 2026","passed","Wed May 13 19:21:47 UTC 2026","","","",""
"Test cases for TestResources_ShareSavedQueriesPermissions_CanUpdateSavedQueriesPermission","2","TestResources_ShareSavedQueriesPermissions_CanUpdateSavedQueriesPermission","","Wed May 13 19:20:56 UTC 2026","passed","Wed May 13 19:20:56 UTC 2026","","Go Test","github.com/specterops/bloodhound/cmd/api/src/api/v2/TestResources_ShareSavedQueriesPermissions_CanUpdateSavedQueriesPermission","TestResources_ShareSavedQueriesPermissions_CanUpdateSavedQueriesPermission"
"","207","sets a secondary=id and searchType=pathfinding when primary is truethy","ContextMenu","Wed May 13 19:23:12 UTC 2026","passed","Wed May 13 19:23:12 UTC 2026","","","",""
"Test cases for TestIntValueOrZero","0","TestIntValueOrZero","","Wed May 13 19:20:59 UTC 2026","passed","Wed May 13 19:20:59 UTC 2026","","Go Test","github.com/specterops/bloodhound/cmd/api/src/database/types/null/TestIntValueOrZero","TestIntValueOrZero"
"Test cases for TestFetchTenants","0","TestFetchTenants","","Wed May 13 19:21:12 UTC 2026","passed","Wed May 13 19:21:12 UTC 2026","","Go Test","github.com/specterops/bloodhound/packages/go/analysis/azure/TestFetchTenants","TestFetchTenants"
"","1695","should clear out the SSO Provider id from submission data when the authentication method is changed","CreateUserDialog","Wed May 13 19:22:32 UTC 2026","passed","Wed May 13 19:22:33 UTC 2026","","","",""
"","5","should include all operations when the tag matches the term","opsFilter","Wed May 13 19:25:34 UTC 2026","passed","Wed May 13 19:25:34 UTC 2026","","","",""
"Test cases for TestResources_ListADEntityConstrainedDelegationRights","0","TestResources_ListADEntityConstrainedDelegationRights","","Wed May 13 19:20:56 UTC 2026","passed","Wed May 13 19:20:56 UTC 2026","","Go Test","github.com/specterops/bloodhound/cmd/api/src/api/v2/TestResources_ListADEntityConstrainedDelegationRights","TestResources_ListADEntityConstrainedDelegationRights"
"","123","when `selectedItem` is provided, the combobox displays the icon","icon rendering","Wed May 13 19:23:32 UTC 2026","passed","Wed May 13 19:23:32 UTC 2026","","","",""
"","225","calls onResetColumnSize when ""Reset Size"" is clicked","ManageColumnsComboBox","Wed May 13 19:23:19 UTC 2026","passed","Wed May 13 19:23:19 UTC 2026","","","",""
"Test cases for TestDatabase_checkError_OtherError","0","TestDatabase_checkError_OtherError","","Wed May 13 19:20:59 UTC 2026","passed","Wed May 13 19:20:59 UTC 2026","","Go Test","github.com/specterops/bloodhound/cmd/api/src/database/TestDatabase_checkError_OtherError","TestDatabase_checkError_OtherError"
"Test cases for TestTextUnmarshalString","0","TestTextUnmarshalString","","Wed May 13 19:20:59 UTC 2026","passed","Wed May 13 19:20:59 UTC 2026","","Go Test","github.com/specterops/bloodhound/cmd/api/src/database/types/null/TestTextUnmarshalString","TestTextUnmarshalString"
"","68","displays ! icon when one of the Affected Object calls fail","EntityInfoDataTableGraphed","Wed May 13 19:23:39 UTC 2026","passed","Wed May 13 19:23:40 UTC 2026","","Node count for nested table that counts all sections","",""
"Test cases for TestTimeScanValue","0","TestTimeScanValue","","Wed May 13 19:20:59 UTC 2026","passed","Wed May 13 19:20:59 UTC 2026","","Go Test","github.com/specterops/bloodhound/cmd/api/src/database/types/null/TestTimeScanValue","TestTimeScanValue"
"Test cases for TestManagementResource_ListRoles","3","TestManagementResource_ListRoles","","Wed May 13 19:21:02 UTC 2026","passed","Wed May 13 19:21:02 UTC 2026","","Go Test","github.com/specterops/bloodhound/cmd/api/src/api/v2/auth/TestManagementResource_ListRoles","TestManagementResource_ListRoles"
"","55","Calls the cypher search endpoint for a node with a type that is not in our schema","EntityObjectInformation","Wed May 13 19:24:23 UTC 2026","passed","Wed May 13 19:24:23 UTC 2026","","","",""
"","2","writes initialValue to localStorage when the key is absent","useLocalStorage","Wed May 13 19:23:48 UTC 2026","passed","Wed May 13 19:23:48 UTC 2026","","initial value","",""
"Test cases for TestAddWhereClauseToNeo4jQuery_WithWhereClause","0","TestAddWhereClauseToNeo4jQuery_WithWhereClause","","Wed May 13 19:20:56 UTC 2026","passed","Wed May 13 19:20:56 UTC 2026","","Go Test","github.com/specterops/bloodhound/cmd/api/src/api/v2/TestAddWhereClauseToNeo4jQuery_WithWhereClause","TestAddWhereClauseToNeo4jQuery_WithWhereClause"
"","348","renders a non-primary button as expected","DropdownSelector","Wed May 13 19:25:19 UTC 2026","passed","Wed May 13 19:25:19 UTC 2026","","","",""
"","90","should display the ""User Information"" header","UserProfile","Wed May 13 19:23:42 UTC 2026","passed","Wed May 13 19:23:42 UTC 2026","","","",""
"","7","should render when search string matches text entirely","HighlightedText","Wed May 13 19:25:50 UTC 2026","passed","Wed May 13 19:25:50 UTC 2026","","","",""
"","15","sets autoDisplayTable to false if query type is composition","useExploreTableAutoDisplay","Wed May 13 19:25:35 UTC 2026","passed","Wed May 13 19:25:35 UTC 2026","","","",""
"","229","sets the calendar date to match the valid","ManagedDatePicker - value","Wed May 13 19:24:24 UTC 2026","passed","Wed May 13 19:24:24 UTC 2026","","","",""
"Test cases for TestPredefinedSIDSuffixes","0","TestPredefinedSIDSuffixes","","Wed May 13 19:21:12 UTC 2026","passed","Wed May 13 19:21:12 UTC 2026","","Go Test","github.com/specterops/bloodhound/packages/go/analysis/ad/wellknown/TestPredefinedSIDSuffixes","TestPredefinedSIDSuffixes"
"Test cases for TestFloatInfNaN","0","TestFloatInfNaN","","Wed May 13 19:20:59 UTC 2026","passed","Wed May 13 19:20:59 UTC 2026","","Go Test","github.com/specterops/bloodhound/cmd/api/src/database/types/null/TestFloatInfNaN","TestFloatInfNaN"
"","7","does not render highlight for non-active tag","SelectedHighlight","Wed May 13 19:25:42 UTC 2026","passed","Wed May 13 19:25:42 UTC 2026","","","",""
"Test cases for TestBoolFromPtr","0","TestBoolFromPtr","","Wed May 13 19:20:59 UTC 2026","passed","Wed May 13 19:20:59 UTC 2026","","Go Test","github.com/specterops/bloodhound/cmd/api/src/database/types/null/TestBoolFromPtr","TestBoolFromPtr"
"","726","should render a SaveQueryDialog","SaveQueryDialog","Wed May 13 19:21:46 UTC 2026","passed","Wed May 13 19:21:46 UTC 2026","","","",""
"Test cases for TestWriteAndValidateZip","0","TestWriteAndValidateZip","","Wed May 13 19:21:05 UTC 2026","passed","Wed May 13 19:21:05 UTC 2026","","Go Test","github.com/specterops/bloodhound/cmd/api/src/services/upload/TestWriteAndValidateZip","TestWriteAndValidateZip"
"Test cases for TestConvertDomainToNode_InheritanceHashes","0","TestConvertDomainToNode_InheritanceHashes","","Wed May 13 19:21:13 UTC 2026","passed","Wed May 13 19:21:13 UTC 2026","","Go Test","github.com/specterops/bloodhound/packages/go/ein/TestConvertDomainToNode_InheritanceHashes","TestConvertDomainToNode_InheritanceHashes"
"","2","shows the collection methods for the given job","toCollected","Wed May 13 19:26:10 UTC 2026","passed","Wed May 13 19:26:10 UTC 2026","","","",""
"Test cases for TestRequiredValidator","0","TestRequiredValidator","","Wed May 13 19:21:09 UTC 2026","passed","Wed May 13 19:21:09 UTC 2026","","Go Test","github.com/specterops/bloodhound/cmd/api/src/utils/validation/TestRequiredValidator","TestRequiredValidator"
"","44","shows the empty form message when Cypher Rule Form is empty","Seed Selection Results","Wed May 13 19:23:13 UTC 2026","passed","Wed May 13 19:23:13 UTC 2026","","","",""
"","196","shows an error state","AssetGroupMenuItem","Wed May 13 19:23:25 UTC 2026","passed","Wed May 13 19:23:26 UTC 2026","","","",""
"","1209","shows an error message when unable to delete a rule","Rule Form","Wed May 13 19:22:04 UTC 2026","passed","Wed May 13 19:22:05 UTC 2026","","","",""
"","1374","should render","EntityInfoHeader","Wed May 13 19:24:56 UTC 2026","passed","Wed May 13 19:24:58 UTC 2026","","","",""
"","53","renders section when no errors occur","EntityInfoCollapsibleSection","Wed May 13 19:26:05 UTC 2026","passed","Wed May 13 19:26:05 UTC 2026","","","",""
"","541","should sort by type","SSOProviderTable","Wed May 13 19:25:10 UTC 2026","passed","Wed May 13 19:25:10 UTC 2026","","","",""
"Test cases for TestResources_UpdateSavedQuery_AdminPrivateQuery_Success","0","TestResources_UpdateSavedQuery_AdminPrivateQuery_Success","","Wed May 13 19:20:56 UTC 2026","passed","Wed May 13 19:20:56 UTC 2026","","Go Test","github.com/specterops/bloodhound/cmd/api/src/api/v2/TestResources_UpdateSavedQuery_AdminPrivateQuery_Success","TestResources_UpdateSavedQuery_AdminPrivateQuery_Success"
"","57","displays security warning","Enable2FADialog","Wed May 13 19:25:13 UTC 2026","passed","Wed May 13 19:25:13 UTC 2026","","","",""
"Test cases for TestResources_GetComputerEntityInfo","2","TestResources_GetComputerEntityInfo","","Wed May 13 19:20:56 UTC 2026","passed","Wed May 13 19:20:56 UTC 2026","","Go Test","github.com/specterops/bloodhound/cmd/api/src/api/v2/TestResources_GetComputerEntityInfo","TestResources_GetComputerEntityInfo"
"Test cases for TestCache_Reset","0","TestCache_Reset","","Wed May 13 19:21:12 UTC 2026","passed","Wed May 13 19:21:12 UTC 2026","","Go Test","github.com/specterops/bloodhound/packages/go/cache/TestCache_Reset","TestCache_Reset"
"","7","should return true when value matches term","compareTerm","Wed May 13 19:25:34 UTC 2026","passed","Wed May 13 19:25:34 UTC 2026","","","",""
"","1534","search filters edges by name","Pathfinding","Wed May 13 19:22:45 UTC 2026","passed","Wed May 13 19:22:46 UTC 2026","","","",""
"Test cases for TestStringSetValid","0","TestStringSetValid","","Wed May 13 19:20:59 UTC 2026","passed","Wed May 13 19:20:59 UTC 2026","","Go Test","github.com/specterops/bloodhound/cmd/api/src/database/types/null/TestStringSetValid","TestStringSetValid"
"","300","calls openOIDCProviderDialog when OIDC Provider menu item is clicked","CreateMenu","Wed May 13 19:23:31 UTC 2026","passed","Wed May 13 19:23:32 UTC 2026","","oidc_support feature flag enabled","",""
"","28","renders custom icon correctly","NodeIcon","Wed May 13 19:25:56 UTC 2026","passed","Wed May 13 19:25:57 UTC 2026","","","",""
"","324","has user filters","FileIngestFilterDialog","Wed May 13 19:23:07 UTC 2026","passed","Wed May 13 19:23:07 UTC 2026","","User Select","",""
"","0","escapes backslashes before quotes so they do not combine","escapeCypherString","Wed May 13 19:26:28 UTC 2026","passed","Wed May 13 19:26:28 UTC 2026","","","",""
"","1285","should disable save button while input is empty","SaveQueryDialog","Wed May 13 19:21:46 UTC 2026","passed","Wed May 13 19:21:48 UTC 2026","","","",""
"","531","does not allow confirmation while dates are invalid","FileIngestFilterDialog","Wed May 13 19:23:06 UTC 2026","passed","Wed May 13 19:23:07 UTC 2026","","Date Range Inputs","",""
"","203","should render a nav element with logo, two lists, a version number and a powered by","MainNav","Wed May 13 19:23:46 UTC 2026","passed","Wed May 13 19:23:46 UTC 2026","","","",""
"Test cases for TestRewriter_Enter_AllAttackPathsShortcut_TakesPrecedenceOverOtherShortcuts","0","TestRewriter_Enter_AllAttackPathsShortcut_TakesPrecedenceOverOtherShortcuts","","Wed May 13 19:21:02 UTC 2026","passed","Wed May 13 19:21:02 UTC 2026","","Go Test","github.com/specterops/bloodhound/cmd/api/src/queries/TestRewriter_Enter_AllAttackPathsShortcut_TakesPrecedenceOverOtherShortcuts","TestRewriter_Enter_AllAttackPathsShortcut_TakesPrecedenceOverOtherShortcuts"
"","88","calls getAssetGroupTags for topTagId","DetailsRoot","Wed May 13 19:26:39 UTC 2026","passed","Wed May 13 19:26:40 UTC 2026","","","",""
"Test cases for TestDomainSelectors_GetFilterCriteria_InvalidFilterColumn","0","TestDomainSelectors_GetFilterCriteria_InvalidFilterColumn","","Wed May 13 19:20:59 UTC 2026","passed","Wed May 13 19:20:59 UTC 2026","","Go Test","github.com/specterops/bloodhound/cmd/api/src/model/TestDomainSelectors_GetFilterCriteria_InvalidFilterColumn","TestDomainSelectors_GetFilterCriteria_InvalidFilterColumn"
"","0","should return an empty map when no tags or paths match","opsFilter","Wed May 13 19:25:34 UTC 2026","passed","Wed May 13 19:25:34 UTC 2026","","","",""
"","486","clear validation error on input","ManagedDatePicker - date validation","Wed May 13 19:24:23 UTC 2026","passed","Wed May 13 19:24:24 UTC 2026","","","",""
"Test cases for TestAuthExtensions","7","TestAuthExtensions","","Wed May 13 19:20:45 UTC 2026","passed","Wed May 13 19:20:45 UTC 2026","","Go Test","github.com/specterops/bloodhound/cmd/api/src/api/TestAuthExtensions","TestAuthExtensions"
"","89","renders a button when actor is not BloodHoundString and note exists","NoteCell component","Wed May 13 19:25:15 UTC 2026","passed","Wed May 13 19:25:15 UTC 2026","","","",""
"Test cases for TestRequestWaitDuration","0","TestRequestWaitDuration","","Wed May 13 19:20:49 UTC 2026","passed","Wed May 13 19:20:49 UTC 2026","","Go Test","github.com/specterops/bloodhound/cmd/api/src/api/middleware/TestRequestWaitDuration","TestRequestWaitDuration"
"","323","renders","EarlyAccessFeaturesWarningDialog","Wed May 13 19:27:44 UTC 2026","passed","Wed May 13 19:27:45 UTC 2026","","","",""
"Test cases for TestResources_UpdateSavedQuery_NotAUserAuth","0","TestResources_UpdateSavedQuery_NotAUserAuth","","Wed May 13 19:20:56 UTC 2026","passed","Wed May 13 19:20:56 UTC 2026","","Go Test","github.com/specterops/bloodhound/cmd/api/src/api/v2/TestResources_UpdateSavedQuery_NotAUserAuth","TestResources_UpdateSavedQuery_NotAUserAuth"
"","50","has a button with text Clear Filters","AssetGroupEdit","Wed May 13 19:23:30 UTC 2026","passed","Wed May 13 19:23:31 UTC 2026","","Clear Filters button","",""
"","1","returns false when WebGL is not available in the current browser context","WebGL compatibility check","Wed May 13 19:26:42 UTC 2026","passed","Wed May 13 19:26:42 UTC 2026","","","",""
"Test cases for Test_parseAuthorizationHeader","0","Test_parseAuthorizationHeader","","Wed May 13 19:20:49 UTC 2026","passed","Wed May 13 19:20:49 UTC 2026","","Go Test","github.com/specterops/bloodhound/cmd/api/src/api/middleware/Test_parseAuthorizationHeader","Test_parseAuthorizationHeader"
"Test cases for TestDomainSelectors_GetFilterCriteria_InvalidFilterPredicate","0","TestDomainSelectors_GetFilterCriteria_InvalidFilterPredicate","","Wed May 13 19:20:59 UTC 2026","passed","Wed May 13 19:20:59 UTC 2026","","Go Test","github.com/specterops/bloodhound/cmd/api/src/model/TestDomainSelectors_GetFilterCriteria_InvalidFilterPredicate","TestDomainSelectors_GetFilterCriteria_InvalidFilterPredicate"
"Test cases for TestUnmarshalFloat","0","TestUnmarshalFloat","","Wed May 13 19:20:59 UTC 2026","passed","Wed May 13 19:20:59 UTC 2026","","Go Test","github.com/specterops/bloodhound/cmd/api/src/database/types/null/TestUnmarshalFloat","TestUnmarshalFloat"
"","1135","should render","ExploreSearch rendering per tab","Wed May 13 19:27:02 UTC 2026","passed","Wed May 13 19:27:04 UTC 2026","","","",""
"Test cases for TestManagementResource_ListRoles_InvalidColumn","0","TestManagementResource_ListRoles_InvalidColumn","","Wed May 13 19:21:02 UTC 2026","passed","Wed May 13 19:21:02 UTC 2026","","Go Test","github.com/specterops/bloodhound/cmd/api/src/api/v2/auth/TestManagementResource_ListRoles_InvalidColumn","TestManagementResource_ListRoles_InvalidColumn"
"","1","returns undefined if graphData is undefined","normalizeGraphDataForSigma","Wed May 13 19:27:41 UTC 2026","passed","Wed May 13 19:27:41 UTC 2026","","","",""
"Test cases for TestGraphQuery_RawCypherQuery","11","TestGraphQuery_RawCypherQuery","","Wed May 13 19:21:02 UTC 2026","passed","Wed May 13 19:21:02 UTC 2026","","Go Test","github.com/specterops/bloodhound/cmd/api/src/queries/TestGraphQuery_RawCypherQuery","TestGraphQuery_RawCypherQuery"
"","20","selector members refetches on sort change","the useAssetGroupTags utilities","Wed May 13 19:23:14 UTC 2026","passed","Wed May 13 19:23:14 UTC 2026","","","",""
"Test cases for TestResources_GetEdgeRelayTargets","73","TestResources_GetEdgeRelayTargets","","Wed May 13 19:20:56 UTC 2026","passed","Wed May 13 19:20:56 UTC 2026","","Go Test","github.com/specterops/bloodhound/cmd/api/src/api/v2/TestResources_GetEdgeRelayTargets","TestResources_GetEdgeRelayTargets"
"Test cases for TestResources_DownloadCollectorByVersion","0","TestResources_DownloadCollectorByVersion","","Wed May 13 19:20:56 UTC 2026","passed","Wed May 13 19:20:56 UTC 2026","","Go Test","github.com/specterops/bloodhound/cmd/api/src/api/v2/TestResources_DownloadCollectorByVersion","TestResources_DownloadCollectorByVersion"
"Test cases for Test_filterAndFormatSearchResults_default","0","Test_filterAndFormatSearchResults_default","","Wed May 13 19:20:56 UTC 2026","passed","Wed May 13 19:20:56 UTC 2026","","Go Test","github.com/specterops/bloodhound/cmd/api/src/api/v2/Test_filterAndFormatSearchResults_default","Test_filterAndFormatSearchResults_default"
"","98","clicking cancel on the form takes the user back to the page the user was on previously","Tag Form","Wed May 13 19:21:47 UTC 2026","passed","Wed May 13 19:21:47 UTC 2026","","","",""
"","1006","should display all available SSO providers","CreateUserDialog","Wed May 13 19:22:30 UTC 2026","passed","Wed May 13 19:22:31 UTC 2026","","","",""
"","370","should call performSearch on keyboard press alt+R","CypherSearch","Wed May 13 19:22:32 UTC 2026","passed","Wed May 13 19:22:32 UTC 2026","","","",""
"","14","does not render the tooltip icon when tooltipText prop is not passed","ColumnHeaders","Wed May 13 19:24:27 UTC 2026","passed","Wed May 13 19:24:27 UTC 2026","","SortableHeader with Tooltip","",""
"","357","should not call onSave when Save button is clicked and form input is invalid","UpdateUserDialog","Wed May 13 19:22:38 UTC 2026","passed","Wed May 13 19:22:38 UTC 2026","","","",""
"Test cases for TestManagementResource_ListAuthTokens_InvalidColumn","0","TestManagementResource_ListAuthTokens_InvalidColumn","","Wed May 13 19:21:23 UTC 2026","passed","Wed May 13 19:21:23 UTC 2026","","Go Test","github.com/specterops/bloodhound/cmd/api/src/api/v2/auth/TestManagementResource_ListAuthTokens_InvalidColumn","TestManagementResource_ListAuthTokens_InvalidColumn"
"","76","initializes search tab to node search if the exploreSearchTab is not a supported tab name on first render","ExploreSearch sets searchType on tab changing","Wed May 13 19:27:06 UTC 2026","passed","Wed May 13 19:27:06 UTC 2026","","","",""
"","148","Verify Vault Reader count is the count returned by All Readers","EntityInfoDataTableGraphed","Wed May 13 19:23:40 UTC 2026","passed","Wed May 13 19:23:40 UTC 2026","","Node count for Vault Readers nested table","",""
"","67","returns the full environment of the environmentId found in the search params","useAvailableEnvironments","Wed May 13 19:24:07 UTC 2026","passed","Wed May 13 19:24:07 UTC 2026","","useSelectedEnvironment","",""
"","245","adds node to asset group tag without confirmation","AssetGroupMenuItem","Wed May 13 19:23:26 UTC 2026","passed","Wed May 13 19:23:26 UTC 2026","","","",""
"","252","displays no search results message when search yields no matches","ActiveExtensionsCard","Wed May 13 19:22:06 UTC 2026","passed","Wed May 13 19:22:06 UTC 2026","","","",""
"Test cases for TestResources_UpdateSavedQuery_AdminPublicQuery_Success","0","TestResources_UpdateSavedQuery_AdminPublicQuery_Success","","Wed May 13 19:20:56 UTC 2026","passed","Wed May 13 19:20:56 UTC 2026","","Go Test","github.com/specterops/bloodhound/cmd/api/src/api/v2/TestResources_UpdateSavedQuery_AdminPublicQuery_Success","TestResources_UpdateSavedQuery_AdminPublicQuery_Success"
"","286","should eventually display list of tokens","UserTokenManagementDialog","Wed May 13 19:23:09 UTC 2026","passed","Wed May 13 19:23:09 UTC 2026","","","",""
"","1610","requires a password to disable MFA for a user when logged in without SSO","Users","Wed May 13 19:23:59 UTC 2026","passed","Wed May 13 19:24:00 UTC 2026","","","",""
"Test cases for Test_runMaybeCachedEntityQuery","0","Test_runMaybeCachedEntityQuery","","Wed May 13 19:21:01 UTC 2026","passed","Wed May 13 19:21:01 UTC 2026","","Go Test","github.com/specterops/bloodhound/cmd/api/src/queries/Test_runMaybeCachedEntityQuery","Test_runMaybeCachedEntityQuery"
"Test cases for TestGetAzureDataQualityStats_Success","0","TestGetAzureDataQualityStats_Success","","Wed May 13 19:20:56 UTC 2026","passed","Wed May 13 19:20:56 UTC 2026","","Go Test","github.com/specterops/bloodhound/cmd/api/src/api/v2/TestGetAzureDataQualityStats_Success","TestGetAzureDataQualityStats_Success"
"","316","Close button click causes the callback function to be called","ExploreTable","Wed May 13 19:21:46 UTC 2026","passed","Wed May 13 19:21:46 UTC 2026","","","",""
"Test cases for TestManagementResource_DeleteSAMLProvider","0","TestManagementResource_DeleteSAMLProvider","","Wed May 13 19:21:02 UTC 2026","passed","Wed May 13 19:21:02 UTC 2026","","Go Test","github.com/specterops/bloodhound/cmd/api/src/api/v2/auth/TestManagementResource_DeleteSAMLProvider","TestManagementResource_DeleteSAMLProvider"
"Test cases for TestResources_ListSavedQueries","31","TestResources_ListSavedQueries","","Wed May 13 19:20:56 UTC 2026","passed","Wed May 13 19:20:56 UTC 2026","","Go Test","github.com/specterops/bloodhound/cmd/api/src/api/v2/TestResources_ListSavedQueries","TestResources_ListSavedQueries"
"","144","renders Zone as first tab and is also the initially selected on first render in Zone View/Tab","Selected Details Tabs","Wed May 13 19:23:55 UTC 2026","passed","Wed May 13 19:23:55 UTC 2026","","Selected Details Tabs - Params present","",""
"","23","generates a human-friendly default filename for graph exports","exportGraphData","Wed May 13 19:25:57 UTC 2026","passed","Wed May 13 19:25:57 UTC 2026","","","",""
"Test cases for TestResources_ListADDomainContainedGroups","0","TestResources_ListADDomainContainedGroups","","Wed May 13 19:20:56 UTC 2026","passed","Wed May 13 19:20:56 UTC 2026","","Go Test","github.com/specterops/bloodhound/cmd/api/src/api/v2/TestResources_ListADDomainContainedGroups","TestResources_ListADDomainContainedGroups"
"","1","combines all filter types","filterAndSearchEnvironments","Wed May 13 19:22:00 UTC 2026","passed","Wed May 13 19:22:00 UTC 2026","","combined filters","",""
"","0","returns true if both arrays are empty","areArraysSimilar","Wed May 13 19:26:14 UTC 2026","passed","Wed May 13 19:26:14 UTC 2026","","","",""
"","63","includes all traversable OpenGraph edges in their own category when they are available via the API","useEdgeCategories","Wed May 13 19:23:35 UTC 2026","passed","Wed May 13 19:23:35 UTC 2026","","","",""
"","672","should open save dialog on keyboard press alt+S","CypherSearch","Wed May 13 19:22:32 UTC 2026","passed","Wed May 13 19:22:33 UTC 2026","","","",""
"","644","disables confirm button until extension name is typed correctly","ActiveExtensionsCard","Wed May 13 19:22:07 UTC 2026","passed","Wed May 13 19:22:08 UTC 2026","","","",""
"","8","adds expected text alignment class depending on the textAlign prop","ColumnHeaders","Wed May 13 19:24:27 UTC 2026","passed","Wed May 13 19:24:27 UTC 2026","","BaseColumnHeader","",""
"Test cases for TestManagementResource_ServeSigningCertificate","10","TestManagementResource_ServeSigningCertificate","","Wed May 13 19:21:31 UTC 2026","passed","Wed May 13 19:21:31 UTC 2026","","Go Test","github.com/specterops/bloodhound/cmd/api/src/api/v2/auth/TestManagementResource_ServeSigningCertificate","TestManagementResource_ServeSigningCertificate"
"","2","dispatches a storage event when a value is set","useLocalStorage","Wed May 13 19:23:48 UTC 2026","passed","Wed May 13 19:23:48 UTC 2026","","storage event synchronisation","",""
"","1","calculates skip correctly for pageParam > 1","createHistoryParams","Wed May 13 19:25:41 UTC 2026","passed","Wed May 13 19:25:41 UTC 2026","","","",""
"","1","filters by user-provided platform","filterAndSearchEnvironments","Wed May 13 19:22:00 UTC 2026","passed","Wed May 13 19:22:00 UTC 2026","","platform filters","",""
"","479","Displays the selectors list if passed in through additional sections","EntityInfoDataTableList","Wed May 13 19:24:37 UTC 2026","passed","Wed May 13 19:24:38 UTC 2026","","","",""
"Test cases for TestReadRFC3339","0","TestReadRFC3339","","Wed May 13 19:21:08 UTC 2026","passed","Wed May 13 19:21:08 UTC 2026","","Go Test","github.com/specterops/bloodhound/cmd/api/src/utils/TestReadRFC3339","TestReadRFC3339"
"","707","renders a button that expands the filter section","AssetGroupEdit","Wed May 13 19:23:28 UTC 2026","passed","Wed May 13 19:23:29 UTC 2026","","","",""
"","68","applies the given filters","useFinishedJobs","Wed May 13 19:24:03 UTC 2026","passed","Wed May 13 19:24:03 UTC 2026","","","",""
"","371","On unsuccessful upload, notifies with an error and displays a retry button","SchemaUploadDialog","Wed May 13 19:23:00 UTC 2026","passed","Wed May 13 19:23:00 UTC 2026","","","",""
"Test cases for TestRewriter_Enter_CombinedADAndAzureShortcut_PreservesOrder","0","TestRewriter_Enter_CombinedADAndAzureShortcut_PreservesOrder","","Wed May 13 19:21:02 UTC 2026","passed","Wed May 13 19:21:02 UTC 2026","","Go Test","github.com/specterops/bloodhound/cmd/api/src/queries/TestRewriter_Enter_CombinedADAndAzureShortcut_PreservesOrder","TestRewriter_Enter_CombinedADAndAzureShortcut_PreservesOrder"
"Test cases for TestManagementResource_UpdateSAMLProviderRequest","15","TestManagementResource_UpdateSAMLProviderRequest","","Wed May 13 19:21:31 UTC 2026","passed","Wed May 13 19:21:31 UTC 2026","","Go Test","github.com/specterops/bloodhound/cmd/api/src/api/v2/auth/TestManagementResource_UpdateSAMLProviderRequest","TestManagementResource_UpdateSAMLProviderRequest"
"","167","on clicking switch shows modal and when clicking cancel closes it and switch stays enabled","CitrixRDPConfiguration","Wed May 13 19:23:36 UTC 2026","passed","Wed May 13 19:23:36 UTC 2026","","Click on switch to disable","",""
"Copyright 2021 The Go Authors. All rights reserved.TestConcat was ripped from go1.22 source and should be replaced with the stdlib implementation when we move to 1.22Original source: https:","0","TestConcat","","Wed May 13 19:21:15 UTC 2026","passed","Wed May 13 19:21:15 UTC 2026","","Go Test","github.com/specterops/bloodhound/packages/go/slicesext/TestConcat","TestConcat"
"Test cases for TestResources_ListADComputerConstrainedDelegationUsers","3","TestResources_ListADComputerConstrainedDelegationUsers","","Wed May 13 19:20:56 UTC 2026","passed","Wed May 13 19:20:56 UTC 2026","","Go Test","github.com/specterops/bloodhound/cmd/api/src/api/v2/TestResources_ListADComputerConstrainedDelegationUsers","TestResources_ListADComputerConstrainedDelegationUsers"
"Test cases for TestAssetGroupMembers_SortBy","1","TestAssetGroupMembers_SortBy","","Wed May 13 19:20:45 UTC 2026","passed","Wed May 13 19:20:45 UTC 2026","","Go Test","github.com/specterops/bloodhound/cmd/api/src/api/TestAssetGroupMembers_SortBy","TestAssetGroupMembers_SortBy"
"","3","stores an object value in localStorage","useLocalStorage","Wed May 13 19:23:48 UTC 2026","passed","Wed May 13 19:23:48 UTC 2026","","setValue","",""
"","396","should display ""Generate/Revoke API Tokens"" title","UserTokenManagementDialog","Wed May 13 19:23:08 UTC 2026","passed","Wed May 13 19:23:09 UTC 2026","","","",""
"Test cases for TestResources_ListADDomainForeignUsers","0","TestResources_ListADDomainForeignUsers","","Wed May 13 19:20:56 UTC 2026","passed","Wed May 13 19:20:56 UTC 2026","","Go Test","github.com/specterops/bloodhound/cmd/api/src/api/v2/TestResources_ListADDomainForeignUsers","TestResources_ListADDomainForeignUsers"
"Test cases for TestResources_GetShortestPath_ETAC","27","TestResources_GetShortestPath_ETAC","","Wed May 13 19:20:56 UTC 2026","passed","Wed May 13 19:20:56 UTC 2026","","Go Test","github.com/specterops/bloodhound/cmd/api/src/api/v2/TestResources_GetShortestPath_ETAC","TestResources_GetShortestPath_ETAC"
"","157","renders the Zone/Labels Tab content when first tab is chosen","Selected Details Tab Content","Wed May 13 19:25:47 UTC 2026","passed","Wed May 13 19:25:47 UTC 2026","","","",""
"","109","initializes the list with all filters checked by default","usePathfindingFilters","Wed May 13 19:26:00 UTC 2026","passed","Wed May 13 19:26:00 UTC 2026","","","",""
"","142","invokes handleFilterChange with eq:false when clicked and custom_member filter is on","AssetGroupEdit","Wed May 13 19:23:30 UTC 2026","passed","Wed May 13 19:23:30 UTC 2026","","Custom Member checkbox filter","",""
"","0","returns query config when searchType is composition and all required params are passed","useExploreGraph","Wed May 13 19:22:53 UTC 2026","passed","Wed May 13 19:22:53 UTC 2026","composition search queries","exploreGraphQueryFactory","",""
"","745","should render many sections with many navigation items","SubNav","Wed May 13 19:25:25 UTC 2026","passed","Wed May 13 19:25:26 UTC 2026","","","",""
"","771","calls the passed in select handler when clicking the Confirm button","Glyph Select Dialog","Wed May 13 19:26:11 UTC 2026","passed","Wed May 13 19:26:12 UTC 2026","","","",""
"","168","should fire Cancel once with false","DeleteConfirmationDialog","Wed May 13 19:26:03 UTC 2026","passed","Wed May 13 19:26:04 UTC 2026","","","",""
"Test cases for TestGC_Name","0","TestGC_Name","","Wed May 13 19:20:58 UTC 2026","passed","Wed May 13 19:20:58 UTC 2026","","Go Test","github.com/specterops/bloodhound/cmd/api/src/daemons/gc/TestGC_Name","TestGC_Name"
"","21","does not show View in Explore if exploreUrl is not supplied","Seed Selection Results","Wed May 13 19:23:13 UTC 2026","passed","Wed May 13 19:23:13 UTC 2026","","","",""
"","0","returns false if value is +0","searchParams","Wed May 13 19:25:05 UTC 2026","passed","Wed May 13 19:25:05 UTC 2026","","isEmptyParam","",""
"","617","should allow user to configure 2fa","Enable2FADialog","Wed May 13 19:24:29 UTC 2026","passed","Wed May 13 19:24:29 UTC 2026","","","",""
"Test cases for TestParseLimitQueryParameter_BadFormat","0","TestParseLimitQueryParameter_BadFormat","","Wed May 13 19:20:56 UTC 2026","passed","Wed May 13 19:20:56 UTC 2026","","Go Test","github.com/specterops/bloodhound/cmd/api/src/api/v2/TestParseLimitQueryParameter_BadFormat","TestParseLimitQueryParameter_BadFormat"
"Test cases for TestCache_GuardedSet","0","TestCache_GuardedSet","","Wed May 13 19:21:12 UTC 2026","passed","Wed May 13 19:21:12 UTC 2026","","Go Test","github.com/specterops/bloodhound/packages/go/cache/TestCache_GuardedSet","TestCache_GuardedSet"
"Test cases for TestResources_ListADEntityDCOMRights","1","TestResources_ListADEntityDCOMRights","","Wed May 13 19:20:56 UTC 2026","passed","Wed May 13 19:20:56 UTC 2026","","Go Test","github.com/specterops/bloodhound/cmd/api/src/api/v2/TestResources_ListADEntityDCOMRights","TestResources_ListADEntityDCOMRights"
"Test cases for TestAssetGroupMembers_BuildFilteringConditional_Error","0","TestAssetGroupMembers_BuildFilteringConditional_Error","","Wed May 13 19:20:45 UTC 2026","passed","Wed May 13 19:20:45 UTC 2026","","Go Test","github.com/specterops/bloodhound/cmd/api/src/api/TestAssetGroupMembers_BuildFilteringConditional_Error","TestAssetGroupMembers_BuildFilteringConditional_Error"
"Test cases for TestResources_GetAIACAEntityInfo","194","TestResources_GetAIACAEntityInfo","","Wed May 13 19:20:56 UTC 2026","passed","Wed May 13 19:20:56 UTC 2026","","Go Test","github.com/specterops/bloodhound/cmd/api/src/api/v2/TestResources_GetAIACAEntityInfo","TestResources_GetAIACAEntityInfo"
"","0","properly displays bitwise integers","Formatting number properties","Wed May 13 19:23:24 UTC 2026","passed","Wed May 13 19:23:24 UTC 2026","","","",""
"","0","should return false when there is no match","compareTerm","Wed May 13 19:25:34 UTC 2026","passed","Wed May 13 19:25:34 UTC 2026","","","",""
"","620","should close the dialog when the Cancel button is clicked","Privilege Zones History Filter Dialog","Wed May 13 19:24:04 UTC 2026","passed","Wed May 13 19:24:04 UTC 2026","","","",""
"","323","shows a loading state","FileIngestTable","Wed May 13 19:24:12 UTC 2026","passed","Wed May 13 19:24:12 UTC 2026","","","",""
"Test cases for Test_signedRequestDate","0","Test_signedRequestDate","","Wed May 13 19:20:49 UTC 2026","passed","Wed May 13 19:20:49 UTC 2026","","Go Test","github.com/specterops/bloodhound/cmd/api/src/api/middleware/Test_signedRequestDate","Test_signedRequestDate"
"Test cases for TestSignRequestValuesSuccess","0","TestSignRequestValuesSuccess","","Wed May 13 19:20:45 UTC 2026","passed","Wed May 13 19:20:45 UTC 2026","","Go Test","github.com/specterops/bloodhound/cmd/api/src/api/TestSignRequestValuesSuccess","TestSignRequestValuesSuccess"
"","28","should highlight selected route","Main Nav Route Highlighting","Wed May 13 19:23:47 UTC 2026","passed","Wed May 13 19:23:47 UTC 2026","","","",""
"","507","displays correct content based on platform filter Azure","CommonSearches","Wed May 13 19:23:21 UTC 2026","passed","Wed May 13 19:23:21 UTC 2026","","","",""
"","329","Expand button causes table to expand to full height","ExploreTable","Wed May 13 19:21:44 UTC 2026","passed","Wed May 13 19:21:45 UTC 2026","","","",""
"","1231","should render","EdgeInfoHeader","Wed May 13 19:25:10 UTC 2026","passed","Wed May 13 19:25:11 UTC 2026","","","",""
"","802","app does not crash if ""token"" cookie exists and ""persistedState"" localstorage key does not exist","redux store","Wed May 13 19:27:38 UTC 2026","passed","Wed May 13 19:27:39 UTC 2026","","","",""
"Test cases for TestManagementResource_SSOCallbackHandler","5","TestManagementResource_SSOCallbackHandler","","Wed May 13 19:21:31 UTC 2026","passed","Wed May 13 19:21:31 UTC 2026","","Go Test","github.com/specterops/bloodhound/cmd/api/src/api/v2/auth/TestManagementResource_SSOCallbackHandler","TestManagementResource_SSOCallbackHandler"
"Test cases for TestCreateUser_Failure","0","TestCreateUser_Failure","","Wed May 13 19:21:02 UTC 2026","passed","Wed May 13 19:21:02 UTC 2026","","Go Test","github.com/specterops/bloodhound/cmd/api/src/api/v2/auth/TestCreateUser_Failure","TestCreateUser_Failure"
"Test cases for TestContextMiddleware_InvalidWaitLessThanZero","0","TestContextMiddleware_InvalidWaitLessThanZero","","Wed May 13 19:20:49 UTC 2026","passed","Wed May 13 19:20:49 UTC 2026","","Go Test","github.com/specterops/bloodhound/cmd/api/src/api/middleware/TestContextMiddleware_InvalidWaitLessThanZero","TestContextMiddleware_InvalidWaitLessThanZero"
"","17","disables useAvailableEnvironment and does not attempt calling handleInitialEnvironment if queryOptions.enabled","useInitialEnvironment","Wed May 13 19:25:28 UTC 2026","passed","Wed May 13 19:25:28 UTC 2026","","","",""
"Test cases for TestDefineNodeName","0","TestDefineNodeName","","Wed May 13 19:21:12 UTC 2026","passed","Wed May 13 19:21:12 UTC 2026","","Go Test","github.com/specterops/bloodhound/packages/go/analysis/ad/wellknown/TestDefineNodeName","TestDefineNodeName"
"Test cases for TestMarshalInt64Text","0","TestMarshalInt64Text","","Wed May 13 19:20:59 UTC 2026","passed","Wed May 13 19:20:59 UTC 2026","","Go Test","github.com/specterops/bloodhound/cmd/api/src/database/types/null/TestMarshalInt64Text","TestMarshalInt64Text"
"","20","displays a status label","StatusIndicator","Wed May 13 19:26:27 UTC 2026","passed","Wed May 13 19:26:27 UTC 2026","","","",""
"Test cases for TestIntScan","0","TestIntScan","","Wed May 13 19:20:59 UTC 2026","passed","Wed May 13 19:20:59 UTC 2026","","Go Test","github.com/specterops/bloodhound/cmd/api/src/database/types/null/TestIntScan","TestIntScan"
"","115","initializes search tab to the exploreSearchTab on initial render","ExploreSearch sets searchType on tab changing","Wed May 13 19:27:06 UTC 2026","passed","Wed May 13 19:27:06 UTC 2026","","","",""
"","283","does not render an edit form for the selected asset group when a user does not have graph write permissions","GroupManagement","Wed May 13 19:27:26 UTC 2026","passed","Wed May 13 19:27:26 UTC 2026","","","",""
"Test cases for TestUnmarshalInt64Overflow","0","TestUnmarshalInt64Overflow","","Wed May 13 19:20:59 UTC 2026","passed","Wed May 13 19:20:59 UTC 2026","","Go Test","github.com/specterops/bloodhound/cmd/api/src/database/types/null/TestUnmarshalInt64Overflow","TestUnmarshalInt64Overflow"
"","52","applies accent styling to headers when accent is true","<DetailsAccordion />","Wed May 13 19:23:17 UTC 2026","passed","Wed May 13 19:23:17 UTC 2026","","","",""
"Test cases for TestFoldl","0","TestFoldl","","Wed May 13 19:21:15 UTC 2026","passed","Wed May 13 19:21:15 UTC 2026","","Go Test","github.com/specterops/bloodhound/packages/go/slicesext/TestFoldl","TestFoldl"
"","1766","hides the password field and removes the requirement when logged in with SSO","Users","Wed May 13 19:24:00 UTC 2026","passed","Wed May 13 19:24:02 UTC 2026","","","",""
"","1893","should allow user to create new SAML provder and then display it in the table","SSOConfiguration","Wed May 13 19:23:24 UTC 2026","passed","Wed May 13 19:23:26 UTC 2026","","","",""
"","59","should navigate to the correct page on alt + digit keydown","Keyboard shortcuts","Wed May 13 19:23:47 UTC 2026","passed","Wed May 13 19:23:47 UTC 2026","","","",""
"Test cases for TestResources_GetAssetGroupTagMemberInfo","1","TestResources_GetAssetGroupTagMemberInfo","","Wed May 13 19:20:56 UTC 2026","passed","Wed May 13 19:20:56 UTC 2026","","Go Test","github.com/specterops/bloodhound/cmd/api/src/api/v2/TestResources_GetAssetGroupTagMemberInfo","TestResources_GetAssetGroupTagMemberInfo"
"Test cases for TestInt64From","0","TestInt64From","","Wed May 13 19:20:59 UTC 2026","passed","Wed May 13 19:20:59 UTC 2026","","Go Test","github.com/specterops/bloodhound/cmd/api/src/database/types/null/TestInt64From","TestInt64From"
"","0","A type and keyword were provided but there were no results available","Getting the text for the disabled item display for a search when there are no results","Wed May 13 19:24:59 UTC 2026","passed","Wed May 13 19:24:59 UTC 2026","","Empty data states","",""
"Test cases for Test_ConvertAppFederatedIdentityCredential","0","Test_ConvertAppFederatedIdentityCredential","","Wed May 13 19:21:13 UTC 2026","passed","Wed May 13 19:21:13 UTC 2026","","Go Test","github.com/specterops/bloodhound/packages/go/ein/Test_ConvertAppFederatedIdentityCredential","Test_ConvertAppFederatedIdentityCredential"
"Test cases for TestResources_GetBaseEntityInfo","194","TestResources_GetBaseEntityInfo","","Wed May 13 19:20:56 UTC 2026","passed","Wed May 13 19:20:56 UTC 2026","","Go Test","github.com/specterops/bloodhound/cmd/api/src/api/v2/TestResources_GetBaseEntityInfo","TestResources_GetBaseEntityInfo"
"","389","calls onToggleNodeLabels when click show all node labels","GraphControls","Wed May 13 19:22:55 UTC 2026","passed","Wed May 13 19:22:55 UTC 2026","","Toggling labels","",""
"","83","disables items via itemDisabled and hides the chevron icon visually","<DetailsAccordion />","Wed May 13 19:23:17 UTC 2026","passed","Wed May 13 19:23:17 UTC 2026","","","",""
"","4","returns empty array when environments is empty","filterAndSearchEnvironments","Wed May 13 19:22:00 UTC 2026","passed","Wed May 13 19:22:00 UTC 2026","","with empty environments","",""
"","8","renders the LabelSelector when available and on a Label page","TagSelector","Wed May 13 19:24:50 UTC 2026","passed","Wed May 13 19:24:50 UTC 2026","","","",""
"","928","shows tooltip text on hover","ColumnHeaders","Wed May 13 19:24:27 UTC 2026","passed","Wed May 13 19:24:28 UTC 2026","","SortableHeader with Tooltip","",""
"Test cases for TestManagementResource_UpdateUser_Success","661","TestManagementResource_UpdateUser_Success","","Wed May 13 19:21:20 UTC 2026","passed","Wed May 13 19:21:21 UTC 2026","","Go Test","github.com/specterops/bloodhound/cmd/api/src/api/v2/auth/TestManagementResource_UpdateUser_Success","TestManagementResource_UpdateUser_Success"
"","378","should accept passwords with unicode symbol characters","CreateUserForm","Wed May 13 19:22:19 UTC 2026","passed","Wed May 13 19:22:19 UTC 2026","","","",""
"","40","calls openSAMLProviderDialog when create provider button is clicked","CreateMenu","Wed May 13 19:23:32 UTC 2026","passed","Wed May 13 19:23:32 UTC 2026","","oidc_support feature flag disabled","",""
"Test cases for TestKeyEncoder_Key_VaryingInputs","0","TestKeyEncoder_Key_VaryingInputs","","Wed May 13 19:21:12 UTC 2026","passed","Wed May 13 19:21:12 UTC 2026","","Go Test","github.com/specterops/bloodhound/packages/go/analysis/post/TestKeyEncoder_Key_VaryingInputs","TestKeyEncoder_Key_VaryingInputs"
"Test cases for TestManagementResource_GetSAMLProvider","11","TestManagementResource_GetSAMLProvider","","Wed May 13 19:21:31 UTC 2026","passed","Wed May 13 19:21:31 UTC 2026","","Go Test","github.com/specterops/bloodhound/cmd/api/src/api/v2/auth/TestManagementResource_GetSAMLProvider","TestManagementResource_GetSAMLProvider"
"","268","Selecting an edge that meets ACL inheritance criteria shows the ""ACE Inherited From"" dropdown","EdgeInfoContent","Wed May 13 19:22:06 UTC 2026","passed","Wed May 13 19:22:06 UTC 2026","","","",""
"Test cases for TestJSONFloat_MarshalJSON","0","TestJSONFloat_MarshalJSON","","Wed May 13 19:20:59 UTC 2026","passed","Wed May 13 19:20:59 UTC 2026","","Go Test","github.com/specterops/bloodhound/cmd/api/src/database/types/nan/TestJSONFloat_MarshalJSON","TestJSONFloat_MarshalJSON"
"","144","should show a copy button if the cells text if the cell is not a boolean","ExploreTableDataCell","Wed May 13 19:25:54 UTC 2026","passed","Wed May 13 19:25:54 UTC 2026","","","",""
"Test cases for TestStringScan","0","TestStringScan","","Wed May 13 19:20:59 UTC 2026","passed","Wed May 13 19:20:59 UTC 2026","","Go Test","github.com/specterops/bloodhound/cmd/api/src/database/types/null/TestStringScan","TestStringScan"
"","359","displays 0 when a given sections returns empty, and sums the rest of the sections correctly","EntityInfoDataTableGraphed","Wed May 13 19:23:40 UTC 2026","passed","Wed May 13 19:23:40 UTC 2026","","Node count for nested table that counts all sections","",""
"","7","renders without label when label is empty string","StatusIndicator","Wed May 13 19:26:27 UTC 2026","passed","Wed May 13 19:26:27 UTC 2026","","","",""
"","199","calls onChange with all columns when ""Select All"" is clicked","ManageColumnsComboBox","Wed May 13 19:23:19 UTC 2026","passed","Wed May 13 19:23:19 UTC 2026","","","",""
"","512","does not display must be new password error messages when current password is not required","PasswordDialog","Wed May 13 19:22:21 UTC 2026","passed","Wed May 13 19:22:22 UTC 2026","","","",""
"","579","displays must be new password error messages when current password is the same as new password","PasswordDialog","Wed May 13 19:22:21 UTC 2026","passed","Wed May 13 19:22:21 UTC 2026","","","",""
"","131","shows ""<10 Days to Expire"" warning when token expires within 10 days","UserTokenManagementDialog - API Expiration Date column","Wed May 13 19:23:10 UTC 2026","passed","Wed May 13 19:23:11 UTC 2026","","","",""
"","275","renders an empty message for the entity panel before a node is selected","GroupManagement","Wed May 13 19:27:26 UTC 2026","passed","Wed May 13 19:27:27 UTC 2026","","","",""
"","505","clears applied filters when clicking the Clear button","Privilege Zones History Filter Dialog","Wed May 13 19:24:03 UTC 2026","passed","Wed May 13 19:24:04 UTC 2026","","","",""
"","435","when a search result is clicked it calls `handleNodeSelected`","ExploreSearchCombobox","Wed May 13 19:23:31 UTC 2026","passed","Wed May 13 19:23:32 UTC 2026","","","",""
"","116","applies correct dynamic height based on filtered data","ActiveExtensionsCard","Wed May 13 19:22:06 UTC 2026","passed","Wed May 13 19:22:06 UTC 2026","","","",""
"Test cases for TestResources_GetGroupEntityInfo","1","TestResources_GetGroupEntityInfo","","Wed May 13 19:20:56 UTC 2026","passed","Wed May 13 19:20:56 UTC 2026","","Go Test","github.com/specterops/bloodhound/cmd/api/src/api/v2/TestResources_GetGroupEntityInfo","TestResources_GetGroupEntityInfo"
"","68","fails checks if the user does not have a matching permission","usePermissions","Wed May 13 19:23:36 UTC 2026","passed","Wed May 13 19:23:36 UTC 2026","","","",""
"Test cases for TestRewriter_Enter_CombinedAzureAndADShortcut_ConcatenatesKinds","1","TestRewriter_Enter_CombinedAzureAndADShortcut_ConcatenatesKinds","","Wed May 13 19:21:02 UTC 2026","passed","Wed May 13 19:21:02 UTC 2026","","Go Test","github.com/specterops/bloodhound/cmd/api/src/queries/TestRewriter_Enter_CombinedAzureAndADShortcut_ConcatenatesKinds","TestRewriter_Enter_CombinedAzureAndADShortcut_ConcatenatesKinds"
"","1639","renders correct search elements after keypresses","GraphView","Wed May 13 19:27:22 UTC 2026","passed","Wed May 13 19:27:24 UTC 2026","","","",""
"Test cases for TestManagementResource_SAMLCallbackHandler","15","TestManagementResource_SAMLCallbackHandler","","Wed May 13 19:21:31 UTC 2026","passed","Wed May 13 19:21:31 UTC 2026","","Go Test","github.com/specterops/bloodhound/cmd/api/src/api/v2/auth/TestManagementResource_SAMLCallbackHandler","TestManagementResource_SAMLCallbackHandler"
"","363","disables checkboxes by default","GraphDataCheckboxes","Wed May 13 19:22:46 UTC 2026","passed","Wed May 13 19:22:47 UTC 2026","","","",""
"","110","renders nothing in the expiration cell when a token has no expires_at","UserTokenManagementDialog - API Expiration Date column","Wed May 13 19:23:10 UTC 2026","passed","Wed May 13 19:23:10 UTC 2026","","","",""
"Test cases for TestContextMiddlewareBypassDisabled","0","TestContextMiddlewareBypassDisabled","","Wed May 13 19:20:49 UTC 2026","passed","Wed May 13 19:20:49 UTC 2026","","Go Test","github.com/specterops/bloodhound/cmd/api/src/api/middleware/TestContextMiddlewareBypassDisabled","TestContextMiddlewareBypassDisabled"
"","131","does not show ""API Expiration Date"" column header when expiration is disabled","UserTokenManagementDialog - API Expiration Date column","Wed May 13 19:23:10 UTC 2026","passed","Wed May 13 19:23:10 UTC 2026","","","",""
"","1","lastlogon, lastlogontimestamp","Handling value formatting for Active Directory entity properties lastlogon, lastlogontimestamp, whencreated, and pwdlastset","Wed May 13 19:23:24 UTC 2026","passed","Wed May 13 19:23:24 UTC 2026","","","",""
"Test cases for TestResources_DeleteSavedQuery_UserNotAdmin","0","TestResources_DeleteSavedQuery_UserNotAdmin","","Wed May 13 19:20:56 UTC 2026","passed","Wed May 13 19:20:56 UTC 2026","","Go Test","github.com/specterops/bloodhound/cmd/api/src/api/v2/TestResources_DeleteSavedQuery_UserNotAdmin","TestResources_DeleteSavedQuery_UserNotAdmin"
"","21","tag members refetches on environment change","the useAssetGroupTags utilities","Wed May 13 19:23:14 UTC 2026","passed","Wed May 13 19:23:14 UTC 2026","","","",""
"Test cases for TestResources_ListADEntityPSRemoteRights","1","TestResources_ListADEntityPSRemoteRights","","Wed May 13 19:20:56 UTC 2026","passed","Wed May 13 19:20:56 UTC 2026","","Go Test","github.com/specterops/bloodhound/cmd/api/src/api/v2/TestResources_ListADEntityPSRemoteRights","TestResources_ListADEntityPSRemoteRights"
"Test cases for TestConvertAzureManagementGroupContributorToRels","0","TestConvertAzureManagementGroupContributorToRels","","Wed May 13 19:21:13 UTC 2026","passed","Wed May 13 19:21:13 UTC 2026","","Go Test","github.com/specterops/bloodhound/packages/go/ein/TestConvertAzureManagementGroupContributorToRels","TestConvertAzureManagementGroupContributorToRels"
"","2354","handles delete by source kind","DatabaseManagement","Wed May 13 19:27:08 UTC 2026","passed","Wed May 13 19:27:10 UTC 2026","","","",""
"","191","calls onChangePinnedColumns to unpin a column when its pin icon is clicked","ManageColumnsComboBox","Wed May 13 19:23:20 UTC 2026","passed","Wed May 13 19:23:20 UTC 2026","","","",""
"","0","returns default error message for unknown API messages","getErrorMessage","Wed May 13 19:23:01 UTC 2026","passed","Wed May 13 19:23:01 UTC 2026","","","",""
"","188","calls onLayoutChange with the selected layout","GraphControls","Wed May 13 19:22:57 UTC 2026","passed","Wed May 13 19:22:57 UTC 2026","","Selecting a layout","",""
"","915","should call onSave when Save button is clicked and form input is valid","CreateUserDialog","Wed May 13 19:22:29 UTC 2026","passed","Wed May 13 19:22:30 UTC 2026","","","",""
"","393","handles removing from a tier zero asset group","AssetGroupMenuItem","Wed May 13 19:27:04 UTC 2026","passed","Wed May 13 19:27:04 UTC 2026","","removing from an asset group","",""
"Test cases for TestDisenrollMFA_Admin_FailureIncorrectPassword","1969","TestDisenrollMFA_Admin_FailureIncorrectPassword","","Wed May 13 19:21:28 UTC 2026","passed","Wed May 13 19:21:30 UTC 2026","","Go Test","github.com/specterops/bloodhound/cmd/api/src/api/v2/auth/TestDisenrollMFA_Admin_FailureIncorrectPassword","TestDisenrollMFA_Admin_FailureIncorrectPassword"
"","204","onCancel is called when cancel is clicked","Enable2FADialog","Wed May 13 19:24:28 UTC 2026","passed","Wed May 13 19:24:29 UTC 2026","","","",""
"","0","returns true if value is ''","searchParams","Wed May 13 19:25:05 UTC 2026","passed","Wed May 13 19:25:05 UTC 2026","","isEmptyParam","",""
"Test cases for TestFloatIsZero","0","TestFloatIsZero","","Wed May 13 19:20:59 UTC 2026","passed","Wed May 13 19:20:59 UTC 2026","","Go Test","github.com/specterops/bloodhound/cmd/api/src/database/types/null/TestFloatIsZero","TestFloatIsZero"
"","5817","checking a subcategory updates all children (edge types) in its group","Pathfinding","Wed May 13 19:22:28 UTC 2026","passed","Wed May 13 19:22:34 UTC 2026","","","",""
"Test cases for TestManagementResource_ListRoles_DBError","1","TestManagementResource_ListRoles_DBError","","Wed May 13 19:21:02 UTC 2026","passed","Wed May 13 19:21:02 UTC 2026","","Go Test","github.com/specterops/bloodhound/cmd/api/src/api/v2/auth/TestManagementResource_ListRoles_DBError","TestManagementResource_ListRoles_DBError"
"","108","should display api key management button","Api Keys","Wed May 13 19:23:43 UTC 2026","passed","Wed May 13 19:23:43 UTC 2026","","","",""
"","38","returns undefined if environmentId searched for is not found","useAvailableEnvironments","Wed May 13 19:24:07 UTC 2026","passed","Wed May 13 19:24:07 UTC 2026","","useSelectedEnvironment","",""
"Test cases for Test_ParseGraphSortParameters_Success","0","Test_ParseGraphSortParameters_Success","","Wed May 13 19:20:45 UTC 2026","passed","Wed May 13 19:20:45 UTC 2026","","Go Test","github.com/specterops/bloodhound/cmd/api/src/api/Test_ParseGraphSortParameters_Success","Test_ParseGraphSortParameters_Success"
"Test cases for TestResources_UpdateSavedQuery_ErrorFetchingPublicStatus","0","TestResources_UpdateSavedQuery_ErrorFetchingPublicStatus","","Wed May 13 19:20:56 UTC 2026","passed","Wed May 13 19:20:56 UTC 2026","","Go Test","github.com/specterops/bloodhound/cmd/api/src/api/v2/TestResources_UpdateSavedQuery_ErrorFetchingPublicStatus","TestResources_UpdateSavedQuery_ErrorFetchingPublicStatus"
"","107","should redirect to nested /file-ingest route if user navigates to /","Administration","Wed May 13 19:27:40 UTC 2026","passed","Wed May 13 19:27:40 UTC 2026","","","",""
"","171","handles creating a new label","Tag Form","Wed May 13 19:21:48 UTC 2026","passed","Wed May 13 19:21:48 UTC 2026","","","",""
"","2","filters by collected=true when ""yes"" filter is active","filterAndSearchEnvironments","Wed May 13 19:22:00 UTC 2026","passed","Wed May 13 19:22:00 UTC 2026","","collected filters","",""
"Test cases for TestNewManifest","0","TestNewManifest","","Wed May 13 19:20:59 UTC 2026","passed","Wed May 13 19:20:59 UTC 2026","","Go Test","github.com/specterops/bloodhound/cmd/api/src/database/migration/TestNewManifest","TestNewManifest"
"","1553","does not show the ""Disable MFA"" context menu option for users without MFA enabled","Users","Wed May 13 19:23:56 UTC 2026","passed","Wed May 13 19:23:57 UTC 2026","","","",""
"Test cases for TestNewAuditLog_Error","0","TestNewAuditLog_Error","","Wed May 13 19:20:59 UTC 2026","passed","Wed May 13 19:20:59 UTC 2026","","Go Test","github.com/specterops/bloodhound/cmd/api/src/database/TestNewAuditLog_Error","TestNewAuditLog_Error"
"Test cases for TestStringIsZero","0","TestStringIsZero","","Wed May 13 19:20:59 UTC 2026","passed","Wed May 13 19:20:59 UTC 2026","","Go Test","github.com/specterops/bloodhound/cmd/api/src/database/types/null/TestStringIsZero","TestStringIsZero"
"","7","returns a date string only if passed a string with a matching key","Formatting strings via formatPrimive","Wed May 13 19:23:24 UTC 2026","passed","Wed May 13 19:23:24 UTC 2026","","","",""
"","34","applies empty state height when no results","ActiveExtensionsCard","Wed May 13 19:22:06 UTC 2026","passed","Wed May 13 19:22:06 UTC 2026","","","",""
"","2","stores a boolean value in localStorage","useLocalStorage","Wed May 13 19:23:48 UTC 2026","passed","Wed May 13 19:23:48 UTC 2026","","setValue","",""
"","249","disables GraphButton when isCurrentSearchOpen is true","GraphControls","Wed May 13 19:22:57 UTC 2026","passed","Wed May 13 19:22:58 UTC 2026","","Searching current results","",""
"Test cases for TestSelectGPOContainerCandidateFilter","0","TestSelectGPOContainerCandidateFilter","","Wed May 13 19:21:12 UTC 2026","passed","Wed May 13 19:21:12 UTC 2026","","Go Test","github.com/specterops/bloodhound/packages/go/analysis/ad/TestSelectGPOContainerCandidateFilter","TestSelectGPOContainerCandidateFilter"
"Test cases for TestSeekToKey","0","TestSeekToKey","","Wed May 13 19:21:03 UTC 2026","passed","Wed May 13 19:21:03 UTC 2026","","Go Test","github.com/specterops/bloodhound/cmd/api/src/services/graphify/TestSeekToKey","TestSeekToKey"
"","18","sets autoDisplayTable to false if query type is relationship","useExploreTableAutoDisplay","Wed May 13 19:25:35 UTC 2026","passed","Wed May 13 19:25:35 UTC 2026","","","",""
"","52","should render a label and version number when expanded","MainNav","Wed May 13 19:23:47 UTC 2026","passed","Wed May 13 19:23:47 UTC 2026","","","",""
"Test cases for TestResources_GetAssetGroupSelectorMemberCountsByKind","0","TestResources_GetAssetGroupSelectorMemberCountsByKind","","Wed May 13 19:20:56 UTC 2026","passed","Wed May 13 19:20:56 UTC 2026","","Go Test","github.com/specterops/bloodhound/cmd/api/src/api/v2/TestResources_GetAssetGroupSelectorMemberCountsByKind","TestResources_GetAssetGroupSelectorMemberCountsByKind"
"Test cases for TestDatabase_GetAssetGroupTagSelector","0","TestDatabase_GetAssetGroupTagSelector","","Wed May 13 19:20:56 UTC 2026","passed","Wed May 13 19:20:56 UTC 2026","","Go Test","github.com/specterops/bloodhound/cmd/api/src/api/v2/TestDatabase_GetAssetGroupTagSelector","TestDatabase_GetAssetGroupTagSelector"
"","129","displays a table of completed ingest logs","FileIngest","Wed May 13 19:25:46 UTC 2026","passed","Wed May 13 19:25:46 UTC 2026","","","",""
"","3","returns null if paramValue is +0","useEnvironmentParams","Wed May 13 19:26:34 UTC 2026","passed","Wed May 13 19:26:34 UTC 2026","","parseEnvironmentAggregation","",""
"Test cases for TestInt64Scan","0","TestInt64Scan","","Wed May 13 19:20:59 UTC 2026","passed","Wed May 13 19:20:59 UTC 2026","","Go Test","github.com/specterops/bloodhound/cmd/api/src/database/types/null/TestInt64Scan","TestInt64Scan"
"","125","renders enabled prop when flag is enabled","FeatureFlag","Wed May 13 19:25:31 UTC 2026","passed","Wed May 13 19:25:31 UTC 2026","","","",""
"Test cases for TestServeHTTP_Success","0","TestServeHTTP_Success","","Wed May 13 19:20:49 UTC 2026","passed","Wed May 13 19:20:49 UTC 2026","","Go Test","github.com/specterops/bloodhound/cmd/api/src/api/middleware/TestServeHTTP_Success","TestServeHTTP_Success"
"","0","filters by multiple risk levels","filterAndSearchEnvironments","Wed May 13 19:22:00 UTC 2026","passed","Wed May 13 19:22:00 UTC 2026","","risk filters","",""
"","80","returns an object with values for assetGroupTagId, params, and setPZQueryParams","usePZQueryParams","Wed May 13 19:24:46 UTC 2026","passed","Wed May 13 19:24:46 UTC 2026","","","",""
"Test cases for TestResources_CreateSavedQuery_DuplicateName","0","TestResources_CreateSavedQuery_DuplicateName","","Wed May 13 19:20:56 UTC 2026","passed","Wed May 13 19:20:56 UTC 2026","","Go Test","github.com/specterops/bloodhound/cmd/api/src/api/v2/TestResources_CreateSavedQuery_DuplicateName","TestResources_CreateSavedQuery_DuplicateName"
"Test cases for TestSIDSuffix_PrependPrefix","0","TestSIDSuffix_PrependPrefix","","Wed May 13 19:21:12 UTC 2026","passed","Wed May 13 19:21:12 UTC 2026","","Go Test","github.com/specterops/bloodhound/packages/go/analysis/ad/wellknown/TestSIDSuffix_PrependPrefix","TestSIDSuffix_PrependPrefix"
"","2","treats a missing key as null when computing the next value","useLocalStorage","Wed May 13 19:23:48 UTC 2026","passed","Wed May 13 19:23:48 UTC 2026","","functional updater","",""
"Test cases for TestParseUserIP_RemoteAddrOnly","0","TestParseUserIP_RemoteAddrOnly","","Wed May 13 19:20:49 UTC 2026","passed","Wed May 13 19:20:49 UTC 2026","","Go Test","github.com/specterops/bloodhound/cmd/api/src/api/middleware/TestParseUserIP_RemoteAddrOnly","TestParseUserIP_RemoteAddrOnly"
"","696","renders a button and a menu","CreateMenu","Wed May 13 19:23:30 UTC 2026","passed","Wed May 13 19:23:31 UTC 2026","","oidc_support feature flag enabled","",""
"","46","Gets focus on keyboard shortcut","SearchBar","Wed May 13 19:26:23 UTC 2026","passed","Wed May 13 19:26:23 UTC 2026","","","",""
"","1348","executes a pathfinding search when both a source and destination node are provided","Pathfinding: interaction","Wed May 13 19:23:58 UTC 2026","passed","Wed May 13 19:24:00 UTC 2026","","","",""
"Test cases for TestResources_GetAssetGroupMemberCount_DBError","0","TestResources_GetAssetGroupMemberCount_DBError","","Wed May 13 19:20:56 UTC 2026","passed","Wed May 13 19:20:56 UTC 2026","","Go Test","github.com/specterops/bloodhound/cmd/api/src/api/v2/TestResources_GetAssetGroupMemberCount_DBError","TestResources_GetAssetGroupMemberCount_DBError"
"","138","should call ""onCancel one time""","Enable2FADialog","Wed May 13 19:25:13 UTC 2026","passed","Wed May 13 19:25:13 UTC 2026","","user clicks ""Cancel"" button","",""
"Test cases for TestManagementResource_GetPermission","28714","TestManagementResource_GetPermission","","Wed May 13 19:21:02 UTC 2026","passed","Wed May 13 19:21:31 UTC 2026","","Go Test","github.com/specterops/bloodhound/cmd/api/src/api/v2/auth/TestManagementResource_GetPermission","TestManagementResource_GetPermission"
"","1521","should display search results when the user enters text","AssetGroupEdit","Wed May 13 19:24:54 UTC 2026","passed","Wed May 13 19:24:56 UTC 2026","","","",""
"","0","should ignore case when filtering","compareTerm","Wed May 13 19:25:34 UTC 2026","passed","Wed May 13 19:25:34 UTC 2026","","","",""
"Test cases for TestResources_ShareSavedQueriesPermissions_SavingPermissionsErrors","0","TestResources_ShareSavedQueriesPermissions_SavingPermissionsErrors","","Wed May 13 19:20:56 UTC 2026","passed","Wed May 13 19:20:56 UTC 2026","","Go Test","github.com/specterops/bloodhound/cmd/api/src/api/v2/TestResources_ShareSavedQueriesPermissions_SavingPermissionsErrors","TestResources_ShareSavedQueriesPermissions_SavingPermissionsErrors"
"","0","preserves unicode characters","escapeCypherString","Wed May 13 19:26:28 UTC 2026","passed","Wed May 13 19:26:28 UTC 2026","","","",""
"Test cases for TestBoolScan","0","TestBoolScan","","Wed May 13 19:20:59 UTC 2026","passed","Wed May 13 19:20:59 UTC 2026","","Go Test","github.com/specterops/bloodhound/cmd/api/src/database/types/null/TestBoolScan","TestBoolScan"
"Test cases for TestStringEqual","0","TestStringEqual","","Wed May 13 19:20:59 UTC 2026","passed","Wed May 13 19:20:59 UTC 2026","","Go Test","github.com/specterops/bloodhound/cmd/api/src/database/types/null/TestStringEqual","TestStringEqual"
"Test cases for TestParseLimitQueryParameter_Invalid","0","TestParseLimitQueryParameter_Invalid","","Wed May 13 19:20:56 UTC 2026","passed","Wed May 13 19:20:56 UTC 2026","","Go Test","github.com/specterops/bloodhound/cmd/api/src/api/v2/TestParseLimitQueryParameter_Invalid","TestParseLimitQueryParameter_Invalid"
"","334","renders total rules and accordion sections","RulesAccordion","Wed May 13 19:24:36 UTC 2026","passed","Wed May 13 19:24:36 UTC 2026","","","",""
"","191","shows ""API Expiration Date"" column header when expiration is enabled","UserTokenManagementDialog - API Expiration Date column","Wed May 13 19:23:10 UTC 2026","passed","Wed May 13 19:23:10 UTC 2026","","","",""
"","945","opens a submenu when user hovers over `Copy`","ContextMenu","Wed May 13 19:27:17 UTC 2026","passed","Wed May 13 19:27:18 UTC 2026","","","",""
"Test cases for TestManagementResource_ListSAMLProviders","10","TestManagementResource_ListSAMLProviders","","Wed May 13 19:21:31 UTC 2026","passed","Wed May 13 19:21:31 UTC 2026","","Go Test","github.com/specterops/bloodhound/cmd/api/src/api/v2/auth/TestManagementResource_ListSAMLProviders","TestManagementResource_ListSAMLProviders"
"","0","combines platform and risk filters","filterAndSearchEnvironments","Wed May 13 19:22:00 UTC 2026","passed","Wed May 13 19:22:00 UTC 2026","","combined filters","",""
"Test cases for TestIsErrorResponse","0","TestIsErrorResponse","","Wed May 13 19:20:45 UTC 2026","passed","Wed May 13 19:20:45 UTC 2026","","Go Test","github.com/specterops/bloodhound/cmd/api/src/api/TestIsErrorResponse","TestIsErrorResponse"
"Test cases for TestResources_ListFileUploadJobs","0","TestResources_ListFileUploadJobs","","Wed May 13 19:20:56 UTC 2026","passed","Wed May 13 19:20:56 UTC 2026","","Go Test","github.com/specterops/bloodhound/cmd/api/src/api/v2/TestResources_ListFileUploadJobs","TestResources_ListFileUploadJobs"
"Test cases for TestResources_ListPublishedToCAs","1","TestResources_ListPublishedToCAs","","Wed May 13 19:20:56 UTC 2026","passed","Wed May 13 19:20:56 UTC 2026","","Go Test","github.com/specterops/bloodhound/cmd/api/src/api/v2/TestResources_ListPublishedToCAs","TestResources_ListPublishedToCAs"
"Test cases for TestWriteAndValidateJSON","7","TestWriteAndValidateJSON","","Wed May 13 19:21:05 UTC 2026","passed","Wed May 13 19:21:05 UTC 2026","","Go Test","github.com/specterops/bloodhound/cmd/api/src/services/upload/TestWriteAndValidateJSON","TestWriteAndValidateJSON"
"Test cases for TestSortJSONArrayElements","3","TestSortJSONArrayElements","","Wed May 13 19:21:09 UTC 2026","passed","Wed May 13 19:21:09 UTC 2026","","Go Test","github.com/specterops/bloodhound/cmd/api/src/utils/test/TestSortJSONArrayElements","TestSortJSONArrayElements"
"Test cases for Test_parseRelationshipKindsParam","3","Test_parseRelationshipKindsParam","","Wed May 13 19:20:56 UTC 2026","passed","Wed May 13 19:20:56 UTC 2026","","Go Test","github.com/specterops/bloodhound/cmd/api/src/api/v2/Test_parseRelationshipKindsParam","Test_parseRelationshipKindsParam"
"Test cases for TestConvertOUToNode_InheritanceHashes","0","TestConvertOUToNode_InheritanceHashes","","Wed May 13 19:21:13 UTC 2026","passed","Wed May 13 19:21:13 UTC 2026","","Go Test","github.com/specterops/bloodhound/packages/go/ein/TestConvertOUToNode_InheritanceHashes","TestConvertOUToNode_InheritanceHashes"
"Test cases for FuzzFoldr","0","FuzzFoldr","","Wed May 13 19:21:15 UTC 2026","passed","Wed May 13 19:21:15 UTC 2026","","Go Test","github.com/specterops/bloodhound/packages/go/slicesext/FuzzFoldr","FuzzFoldr"
"","64","indicates that filters are inactive","AssetGroupEdit","Wed May 13 19:23:29 UTC 2026","passed","Wed May 13 19:23:29 UTC 2026","","","",""
"","12","should display hidden label for hidden edge","EdgeInfoHeader","Wed May 13 19:25:11 UTC 2026","passed","Wed May 13 19:25:11 UTC 2026","","","",""
"Test cases for TestRewriter_Enter_UpdatingClauseSetsHasMutation","0","TestRewriter_Enter_UpdatingClauseSetsHasMutation","","Wed May 13 19:21:02 UTC 2026","passed","Wed May 13 19:21:02 UTC 2026","","Go Test","github.com/specterops/bloodhound/cmd/api/src/queries/TestRewriter_Enter_UpdatingClauseSetsHasMutation","TestRewriter_Enter_UpdatingClauseSetsHasMutation"
"","8","should recognize active directory properties","validating a node property against the shared generated schema","Wed May 13 19:23:24 UTC 2026","passed","Wed May 13 19:23:24 UTC 2026","","","",""
"","332","navigates to rule details when clicking a rule row","RulesAccordion","Wed May 13 19:24:37 UTC 2026","passed","Wed May 13 19:24:37 UTC 2026","","","",""
"Test cases for TestResources_UpdateAssetGroupSelectors_PayloadError","0","TestResources_UpdateAssetGroupSelectors_PayloadError","","Wed May 13 19:20:56 UTC 2026","passed","Wed May 13 19:20:56 UTC 2026","","Go Test","github.com/specterops/bloodhound/cmd/api/src/api/v2/TestResources_UpdateAssetGroupSelectors_PayloadError","TestResources_UpdateAssetGroupSelectors_PayloadError"
"","254","should render","SSOProviderTable","Wed May 13 19:25:09 UTC 2026","passed","Wed May 13 19:25:10 UTC 2026","","","",""
"Test cases for TestManagementResource_UpdateUser_DBError","661","TestManagementResource_UpdateUser_DBError","","Wed May 13 19:21:18 UTC 2026","passed","Wed May 13 19:21:18 UTC 2026","","Go Test","github.com/specterops/bloodhound/cmd/api/src/api/v2/auth/TestManagementResource_UpdateUser_DBError","TestManagementResource_UpdateUser_DBError"
